1 7
0.5028 0.0398 0.0028 0.0028 0.1705 0.0455 0.0085 0.0369 0.0000 0.0881 0.1023 
0.4909 0.0182 0.0000 0.0045 0.3136 0.0136 0.0545 0.0045 0.0000 0.0091 0.0909 
0.1212 0.0000 0.0455 0.0303 0.3636 0.0303 0.0000 0.0000 0.0000 0.0000 0.4091 
0.2342 0.0661 0.0771 0.0661 0.1212 0.1019 0.0799 0.0165 0.0000 0.1074 0.1295 
0.1830 0.0424 0.0291 0.0170 0.0703 0.2073 0.0521 0.0279 0.0242 0.0836 0.2630 
0.5170 0.0057 0.0057 0.0000 0.1591 0.0114 0.0057 0.0739 0.0000 0.1477 0.0739 
0.1136 0.0076 0.0303 0.0076 0.4394 0.1515 0.0076 0.1667 0.0000 0.0530 0.0227 

2 5
0.0000 0.0160 0.3529 0.0107 0.0053 0.0053 0.2620 0.0214 0.0535 0.0000 0.2727 
0.0000 0.0303 0.3182 0.1667 0.0000 0.0303 0.3485 0.0303 0.0455 0.0152 0.0152 
0.0000 0.0455 0.2727 0.0455 0.0000 0.0606 0.1515 0.0000 0.0606 0.0758 0.2879 
0.0111 0.0130 0.3302 0.0000 0.0037 0.1132 0.2783 0.0649 0.0074 0.0260 0.1521 
0.0000 0.1212 0.1818 0.0455 0.0152 0.0606 0.1970 0.0909 0.0758 0.0152 0.1970 

3 6
0.0584 0.0065 0.0844 0.0000 0.5130 0.0195 0.0000 0.0000 0.0130 0.0195 0.2857 
0.0909 0.1212 0.0000 0.0000 0.4545 0.0455 0.0000 0.0000 0.0303 0.0000 0.2576 
0.0341 0.0000 0.3636 0.0000 0.5000 0.0568 0.0000 0.0000 0.0114 0.0114 0.0227 
0.0140 0.0070 0.0629 0.0210 0.0629 0.0629 0.0280 0.0210 0.0140 0.0629 0.6434 
0.0699 0.0000 0.1119 0.1399 0.1189 0.1119 0.0070 0.0280 0.0210 0.0000 0.3916 
0.0053 0.0160 0.0107 0.0963 0.0053 0.0000 0.0000 0.0374 0.0214 0.0160 0.7914 

4 7
0.1667 0.0000 0.4167 0.0152 0.2803 0.0152 0.0000 0.0000 0.0530 0.0379 0.0152 
0.2975 0.0000 0.5620 0.0083 0.0083 0.0000 0.0000 0.0248 0.0083 0.0744 0.0165 
0.0000 0.0000 0.8121 0.0000 0.0121 0.0000 0.0667 0.0000 0.0061 0.0788 0.0242 
0.1313 0.0000 0.3586 0.0152 0.0808 0.0101 0.0606 0.0000 0.0758 0.2576 0.0101 
0.0227 0.0000 0.8712 0.0000 0.0379 0.0076 0.0000 0.0303 0.0076 0.0000 0.0227 
0.0737 0.0049 0.1597 0.0344 0.0713 0.0221 0.0123 0.0737 0.0467 0.0934 0.4079 
0.0781 0.0000 0.4115 0.0128 0.0319 0.0367 0.0112 0.0175 0.0478 0.1021 0.2504 

5 6
0.0140 0.2098 0.0000 0.3147 0.0210 0.1329 0.0839 0.0070 0.0070 0.0000 0.2098 
0.0165 0.0496 0.0248 0.4545 0.0083 0.2231 0.1157 0.0083 0.0000 0.0000 0.0992 
0.0000 0.0114 0.0682 0.4318 0.2159 0.0682 0.0000 0.0000 0.0568 0.0000 0.1477 
0.0024 0.2751 0.0251 0.1615 0.0036 0.1711 0.0622 0.0311 0.0132 0.0000 0.2548 
0.0000 0.0808 0.1010 0.1414 0.0202 0.1313 0.0404 0.0707 0.0404 0.0000 0.3737 
0.0057 0.0170 0.0795 0.3636 0.0000 0.0682 0.1080 0.0000 0.0398 0.0000 0.3182 

6 5
0.0465 0.0909 0.0951 0.0740 0.0275 0.0719 0.1353 0.0106 0.0888 0.1776 0.1818 
0.0091 0.0818 0.0682 0.0364 0.0273 0.1591 0.0182 0.0773 0.0000 0.3682 0.1545 
0.0042 0.1607 0.0233 0.0465 0.0106 0.1142 0.0550 0.0275 0.0042 0.3658 0.1882 
0.0260 0.0779 0.1429 0.0195 0.0130 0.0844 0.0195 0.0000 0.0000 0.5584 0.0584 
0.0101 0.0909 0.0404 0.0808 0.0000 0.2828 0.0202 0.0404 0.0202 0.1919 0.2222 

7 5
0.0227 0.0000 0.1023 0.2273 0.0000 0.0511 0.0000 0.2955 0.0000 0.0057 0.2955 
0.0170 0.0114 0.1250 0.0000 0.0170 0.0568 0.0000 0.1705 0.0398 0.0000 0.5625 
0.0000 0.0795 0.0909 0.1591 0.0227 0.0455 0.0000 0.2386 0.0000 0.0000 0.3636 
0.0593 0.0316 0.0988 0.0870 0.0000 0.0237 0.0000 0.2569 0.0870 0.0040 0.3518 
0.0000 0.0390 0.1169 0.0909 0.0000 0.0260 0.0000 0.3636 0.0260 0.0000 0.3377 

8 6
0.0000 0.2576 0.0000 0.0303 0.0000 0.0303 0.0303 0.0152 0.1818 0.1061 0.3485 
0.0000 0.3388 0.0248 0.0000 0.0000 0.1653 0.0579 0.0165 0.2314 0.0413 0.1240 
0.0000 0.1861 0.0000 0.0303 0.0000 0.0952 0.0476 0.0087 0.0130 0.0996 0.5195 
0.0000 0.3091 0.0061 0.0121 0.0000 0.1333 0.0303 0.0545 0.1394 0.0182 0.2970 
0.0000 0.2525 0.0606 0.1717 0.0051 0.1768 0.0758 0.0303 0.0505 0.0859 0.0909 
0.0000 0.2000 0.0455 0.2364 0.0000 0.1636 0.0000 0.0000 0.1909 0.1091 0.0545 

9 5
0.0260 0.2078 0.0260 0.0130 0.0519 0.0260 0.0000 0.4156 0.0519 0.0000 0.1818 
0.1169 0.1688 0.0130 0.0519 0.0130 0.5455 0.0130 0.0000 0.0260 0.0130 0.0390 
0.0909 0.0000 0.0101 0.0000 0.0404 0.1818 0.0101 0.2929 0.0000 0.0202 0.3535 
0.0530 0.0758 0.0303 0.0152 0.0909 0.2348 0.0152 0.1364 0.0379 0.0000 0.3106 
0.0109 0.1127 0.0109 0.1418 0.0036 0.2000 0.0000 0.1673 0.0327 0.0182 0.3018 

10 6
0.0331 0.0620 0.1529 0.0041 0.0248 0.0744 0.4050 0.0950 0.0331 0.0455 0.0702 
0.0083 0.0000 0.0000 0.0331 0.0000 0.1818 0.4132 0.0083 0.0331 0.0000 0.3223 
0.0000 0.0661 0.0248 0.0496 0.0165 0.1653 0.3306 0.0909 0.0083 0.0248 0.2231 
0.0041 0.0826 0.0083 0.0289 0.0083 0.0289 0.6694 0.0041 0.0041 0.0000 0.1612 
0.0000 0.0606 0.0303 0.0606 0.0152 0.0000 0.7121 0.0758 0.0000 0.0303 0.0152 
0.0000 0.1439 0.1553 0.0265 0.0038 0.0568 0.3826 0.0530 0.0227 0.0795 0.0758 

11 6
0.0000 0.1989 0.0114 0.1705 0.0057 0.1477 0.1648 0.0568 0.0227 0.0000 0.2216 
0.0000 0.0979 0.0350 0.1748 0.0420 0.1049 0.0350 0.1608 0.0769 0.0140 0.2587 
0.0404 0.0505 0.0101 0.1313 0.0101 0.1010 0.0000 0.0303 0.0303 0.0101 0.5859 
0.0101 0.1566 0.0051 0.1414 0.0101 0.1768 0.1212 0.0758 0.0354 0.0202 0.2475 
0.0073 0.2509 0.0436 0.1418 0.0364 0.0945 0.0182 0.1164 0.0182 0.0036 0.2691 
0.0000 0.0101 0.0000 0.3333 0.0606 0.3586 0.0707 0.0606 0.0657 0.0000 0.0404 

12 6
0.0065 0.1104 0.0260 0.0130 0.0260 0.0649 0.2922 0.0584 0.0065 0.0000 0.3961 
0.0496 0.1736 0.0083 0.0331 0.0248 0.2645 0.3884 0.0165 0.0000 0.0000 0.0413 
0.0511 0.1023 0.0227 0.0114 0.0057 0.1136 0.0114 0.0170 0.0057 0.0000 0.6591 
0.0312 0.1143 0.1558 0.1117 0.0130 0.0675 0.2364 0.0078 0.0312 0.0130 0.2182 
0.0716 0.1653 0.0661 0.0606 0.0248 0.1102 0.1983 0.0165 0.0551 0.0000 0.2314 
0.0202 0.0808 0.0303 0.0404 0.0202 0.0202 0.0404 0.1010 0.0000 0.0000 0.6465 

13 7
0.0000 0.0152 0.0000 0.5455 0.0000 0.0000 0.0455 0.2879 0.0606 0.0000 0.0455 
0.0000 0.0000 0.0048 0.1483 0.0000 0.0000 0.0287 0.6603 0.0000 0.0000 0.1579 
0.0331 0.0000 0.1157 0.3223 0.0000 0.0413 0.0331 0.1488 0.2066 0.0000 0.0992 
0.0000 0.0000 0.1405 0.4380 0.0000 0.0000 0.0165 0.3636 0.0000 0.0000 0.0413 
0.0000 0.0000 0.0758 0.3030 0.0000 0.2273 0.1061 0.0606 0.0000 0.0000 0.2273 
0.0051 0.0051 0.0707 0.3889 0.0000 0.0202 0.0101 0.0808 0.0758 0.0000 0.3434 
0.0130 0.0455 0.0260 0.4610 0.0000 0.0065 0.0000 0.0909 0.1558 0.0000 0.2013 

14 10
0.0369 0.0000 0.0737 0.0000 0.6536 0.0639 0.0000 0.0000 0.0246 0.0491 0.0983 
0.0255 0.0000 0.0909 0.0000 0.7236 0.0109 0.0182 0.0000 0.0473 0.0182 0.0655 
0.0119 0.0000 0.1222 0.0015 0.6319 0.0373 0.0015 0.0000 0.0119 0.0104 0.1714 
0.0515 0.0000 0.1970 0.0091 0.6091 0.0333 0.0000 0.0000 0.0667 0.0182 0.0152 
0.0216 0.0000 0.0606 0.0173 0.4416 0.0130 0.0043 0.0000 0.0130 0.0000 0.4286 
0.0455 0.0000 0.0649 0.0260 0.6786 0.0065 0.0000 0.0000 0.0162 0.0292 0.1331 
0.0278 0.0000 0.1237 0.0152 0.6717 0.0328 0.0000 0.0000 0.0505 0.0177 0.0606 
0.0909 0.0000 0.0882 0.0080 0.6658 0.0080 0.0013 0.0000 0.0187 0.0214 0.0976 
0.2182 0.0000 0.1727 0.0182 0.2455 0.0273 0.0000 0.0000 0.1455 0.1091 0.0636 
0.1339 0.0000 0.1355 0.0050 0.5636 0.0298 0.0033 0.0000 0.0959 0.0215 0.0116 

15 5
0.0048 0.3493 0.0000 0.1100 0.0000 0.2919 0.0335 0.0144 0.0096 0.0909 0.0957 
0.0000 0.3442 0.0000 0.0844 0.0000 0.2013 0.0130 0.1234 0.0000 0.0455 0.1883 
0.0119 0.0870 0.0000 0.1739 0.0000 0.1423 0.1146 0.1581 0.1265 0.0988 0.0870 
0.0030 0.1061 0.0000 0.1788 0.0000 0.2576 0.1273 0.0455 0.0273 0.0212 0.2333 
0.0000 0.1136 0.0000 0.2576 0.0000 0.2955 0.0606 0.0227 0.1136 0.0682 0.0682 

16 8
0.0427 0.0130 0.5325 0.1484 0.0000 0.1373 0.0705 0.0019 0.0019 0.0186 0.0334 
0.0267 0.0000 0.4225 0.0374 0.0000 0.0856 0.3797 0.0000 0.0107 0.0053 0.0321 
0.0478 0.0287 0.4641 0.0287 0.0000 0.0239 0.1579 0.0000 0.0239 0.0861 0.1388 
0.0339 0.0370 0.3698 0.0632 0.0000 0.0324 0.3621 0.0000 0.0324 0.0185 0.0508 
0.0415 0.0721 0.5128 0.0494 0.0000 0.0494 0.0682 0.0000 0.0049 0.0425 0.1591 
0.0771 0.0248 0.3168 0.0716 0.0000 0.0606 0.1625 0.0000 0.0110 0.0165 0.2590 
0.0779 0.0130 0.3074 0.0952 0.0000 0.1905 0.1732 0.0000 0.0000 0.0130 0.1299 
0.0189 0.0152 0.3144 0.0417 0.0000 0.0530 0.1402 0.0038 0.0000 0.0076 0.4053 

17 7
0.0949 0.0395 0.0119 0.1818 0.0000 0.2411 0.0356 0.0711 0.0751 0.0751 0.1739 
0.0276 0.0097 0.0536 0.2078 0.0000 0.2224 0.0487 0.2256 0.0114 0.0097 0.1834 
0.0707 0.0303 0.0253 0.2475 0.0000 0.2525 0.0051 0.0354 0.0808 0.0253 0.2273 
0.0167 0.0407 0.0981 0.3373 0.0000 0.2703 0.0407 0.0981 0.0455 0.0096 0.0431 
0.0133 0.0144 0.0255 0.2838 0.0000 0.3858 0.0809 0.0477 0.0144 0.0155 0.1186 
0.0000 0.0303 0.0051 0.1818 0.0000 0.4293 0.0606 0.0101 0.0303 0.0303 0.2222 
0.0070 0.0000 0.0035 0.2902 0.0000 0.2937 0.0315 0.0175 0.0210 0.0035 0.3322 

18 5
0.0000 0.0000 0.3807 0.0114 0.3693 0.0568 0.0057 0.0114 0.0057 0.0966 0.0625 
0.0413 0.0275 0.3581 0.0207 0.3815 0.0275 0.0014 0.0028 0.0028 0.1143 0.0220 
0.0130 0.1948 0.1688 0.1494 0.0455 0.3052 0.0000 0.0000 0.0065 0.0000 0.1169 
0.0455 0.0325 0.1169 0.2273 0.0195 0.5130 0.0000 0.0195 0.0000 0.0000 0.0260 
0.0537 0.0083 0.1033 0.0744 0.1694 0.2603 0.0000 0.0000 0.0041 0.1157 0.2107 

19 5
0.0055 0.4077 0.0138 0.1047 0.0468 0.0441 0.0579 0.0055 0.0744 0.0882 0.1515 
0.0107 0.5455 0.1123 0.0053 0.0588 0.0267 0.0107 0.0963 0.0107 0.1016 0.0214 
0.0416 0.1584 0.1636 0.0156 0.2649 0.0130 0.0779 0.0026 0.0753 0.1351 0.0519 
0.1212 0.1515 0.0530 0.0000 0.0985 0.0682 0.0303 0.0379 0.0152 0.1591 0.2652 
0.0044 0.2350 0.0310 0.0288 0.1707 0.0310 0.0266 0.0155 0.0177 0.0443 0.3947 

20 6
0.0000 0.0170 0.4432 0.0227 0.0455 0.0511 0.0341 0.0511 0.0341 0.1136 0.1875 
0.0182 0.0061 0.3091 0.0000 0.0606 0.0364 0.0545 0.0242 0.0000 0.4848 0.0061 
0.0182 0.0114 0.3318 0.0068 0.0295 0.0409 0.0545 0.0159 0.0136 0.3864 0.0909 
0.0736 0.0606 0.3983 0.0087 0.0303 0.0303 0.0216 0.0087 0.0000 0.2165 0.1515 
0.0596 0.1034 0.1693 0.0000 0.0408 0.0690 0.0094 0.0031 0.0000 0.5016 0.0439 
0.0240 0.0069 0.1801 0.0000 0.2316 0.1235 0.0086 0.0051 0.0120 0.3894 0.0189 

21 7
0.4359 0.0047 0.0047 0.0443 0.0559 0.2471 0.0000 0.0070 0.0070 0.0023 0.1911 
0.3273 0.0000 0.0026 0.0286 0.0623 0.0883 0.0000 0.0052 0.0104 0.0727 0.4026 
0.7589 0.0000 0.0000 0.0040 0.1265 0.0079 0.0000 0.0040 0.0119 0.0514 0.0356 
0.4962 0.0000 0.0265 0.0114 0.1591 0.0265 0.0000 0.0530 0.0227 0.0000 0.2045 
0.6616 0.0000 0.0455 0.0202 0.1869 0.0152 0.0000 0.0051 0.0253 0.0152 0.0253 
0.7619 0.0000 0.0000 0.0130 0.1169 0.0000 0.0000 0.0303 0.0346 0.0043 0.0390 
0.4242 0.0000 0.0000 0.0000 0.1111 0.0354 0.0000 0.0051 0.0101 0.0505 0.3636 

22 9
0.0114 0.0000 0.1250 0.0114 0.0909 0.0000 0.1818 0.1250 0.0455 0.2955 0.1136 
0.0260 0.0390 0.0260 0.0649 0.0130 0.0130 0.0000 0.1429 0.0390 0.1299 0.5065 
0.0545 0.1000 0.1182 0.0000 0.0091 0.0273 0.1909 0.0091 0.0273 0.0091 0.4545 
0.2159 0.0000 0.2159 0.0795 0.0000 0.0114 0.2386 0.0455 0.0682 0.0795 0.0455 
0.0036 0.0109 0.1527 0.2145 0.0000 0.0073 0.3382 0.0945 0.0618 0.0727 0.0436 
0.0242 0.0970 0.0667 0.0182 0.0485 0.0848 0.0848 0.0000 0.0303 0.2788 0.2667 
0.0260 0.0519 0.2078 0.1429 0.0065 0.0714 0.0390 0.0195 0.0195 0.1883 0.2273 
0.0473 0.1174 0.1742 0.0758 0.0057 0.0246 0.2254 0.0549 0.0322 0.0568 0.1856 
0.2290 0.0741 0.1010 0.0370 0.0101 0.0707 0.1347 0.0741 0.0370 0.1852 0.0471 

23 5
0.0094 0.0125 0.6614 0.0125 0.0031 0.0000 0.0470 0.0000 0.0063 0.0063 0.2414 
0.0625 0.0341 0.6875 0.0000 0.0170 0.0966 0.0284 0.0000 0.0057 0.0057 0.0625 
0.0568 0.0227 0.6136 0.0114 0.0341 0.0909 0.0227 0.0000 0.0000 0.1250 0.0227 
0.0400 0.0036 0.4055 0.0109 0.1218 0.0382 0.1073 0.0000 0.0200 0.0964 0.1564 
0.0227 0.1004 0.3731 0.0000 0.0095 0.1080 0.1534 0.0000 0.0114 0.0663 0.1553 

24 7
0.0053 0.1176 0.0000 0.2246 0.0000 0.0481 0.0321 0.1765 0.1070 0.0214 0.2674 
0.0101 0.0657 0.0152 0.4747 0.0101 0.0152 0.0000 0.0758 0.0455 0.0101 0.2778 
0.0000 0.0519 0.0000 0.1818 0.0260 0.0000 0.1169 0.1299 0.0260 0.0000 0.4675 
0.0152 0.0455 0.0455 0.2576 0.0000 0.0000 0.1061 0.2121 0.0000 0.2879 0.0303 
0.0091 0.0864 0.0091 0.3727 0.0136 0.1273 0.0000 0.0955 0.0591 0.1545 0.0727 
0.0057 0.0511 0.0000 0.0682 0.0284 0.0170 0.0625 0.1193 0.0114 0.1023 0.5341 
0.0065 0.1039 0.0000 0.1039 0.0065 0.0000 0.0130 0.0455 0.0000 0.0455 0.6753 

25 6
0.0381 0.0000 0.0499 0.0088 0.5015 0.0088 0.0000 0.0000 0.0176 0.0704 0.3050 
0.0101 0.0000 0.0202 0.0101 0.8788 0.0000 0.0000 0.0000 0.0000 0.0202 0.0606 
0.0182 0.0023 0.0864 0.0182 0.7477 0.0614 0.0000 0.0000 0.0068 0.0250 0.0341 
0.0606 0.0101 0.0303 0.0101 0.5960 0.0909 0.0000 0.0000 0.0101 0.0707 0.1212 
0.0909 0.0165 0.0083 0.1322 0.2893 0.0826 0.0083 0.0000 0.0165 0.0083 0.3471 
0.0505 0.0202 0.0707 0.0505 0.3131 0.1010 0.0000 0.0101 0.0000 0.0101 0.3737 

26 6
0.0485 0.0061 0.0424 0.1515 0.0061 0.0242 0.0909 0.0121 0.4848 0.0485 0.0848 
0.0260 0.0130 0.0390 0.3377 0.0000 0.0649 0.0130 0.0519 0.3896 0.0000 0.0649 
0.0156 0.1351 0.0571 0.1870 0.0026 0.0935 0.0468 0.0130 0.2026 0.0104 0.2364 
0.0480 0.1681 0.0257 0.4151 0.0000 0.0772 0.0172 0.0000 0.0738 0.0137 0.1612 
0.0576 0.0091 0.0576 0.3364 0.0121 0.0606 0.0545 0.0030 0.2121 0.0091 0.1879 
0.0426 0.0369 0.0455 0.1989 0.0000 0.1108 0.0568 0.0142 0.1960 0.0511 0.2472 

27 7
0.1005 0.0526 0.2584 0.0622 0.0670 0.0096 0.0766 0.0813 0.0096 0.0144 0.2679 
0.0048 0.0478 0.4641 0.0957 0.0048 0.0000 0.0191 0.1770 0.0096 0.1531 0.0239 
0.0105 0.0315 0.5804 0.0175 0.0140 0.0000 0.0280 0.1713 0.0105 0.1049 0.0315 
0.0606 0.0379 0.4924 0.0265 0.0114 0.0038 0.0682 0.1553 0.0000 0.0985 0.0455 
0.0203 0.1035 0.2940 0.0213 0.0019 0.0000 0.1267 0.1006 0.0019 0.0416 0.2882 
0.0714 0.0584 0.3474 0.1006 0.0032 0.0130 0.1234 0.0552 0.0455 0.0649 0.1169 
0.0053 0.1711 0.1818 0.0321 0.0695 0.0000 0.0963 0.1390 0.0107 0.1604 0.1337 

28 5
0.0000 0.0000 0.1240 0.0661 0.0331 0.0992 0.3388 0.2231 0.0000 0.0000 0.1157 
0.0140 0.0000 0.0769 0.1119 0.0035 0.1678 0.1189 0.1783 0.0385 0.0035 0.2867 
0.0182 0.0061 0.0485 0.1697 0.0000 0.2848 0.2000 0.1879 0.0424 0.0121 0.0303 
0.0000 0.0061 0.3697 0.0364 0.0212 0.0727 0.1758 0.1333 0.0030 0.0091 0.1727 
0.0152 0.0000 0.1061 0.2576 0.0000 0.1364 0.1515 0.0909 0.1212 0.0455 0.0758 

29 5
0.0242 0.1333 0.0121 0.0848 0.1576 0.1091 0.0242 0.2000 0.0121 0.1333 0.1091 
0.0821 0.1584 0.0528 0.0323 0.0000 0.1232 0.0000 0.0352 0.0000 0.1730 0.3431 
0.0321 0.4652 0.0160 0.0535 0.0053 0.0481 0.0053 0.0000 0.0000 0.1390 0.2353 
0.0372 0.3636 0.0041 0.0041 0.0248 0.0083 0.0041 0.0124 0.0000 0.3430 0.1983 
0.0000 0.3409 0.0795 0.2500 0.0000 0.0000 0.0000 0.1250 0.0000 0.0795 0.1250 

30 4
0.0087 0.0087 0.0216 0.1255 0.5152 0.0649 0.0260 0.0519 0.0260 0.0823 0.0693 
0.0909 0.0130 0.0606 0.0693 0.2771 0.0216 0.0433 0.1342 0.0000 0.0346 0.2554 
0.2411 0.0000 0.0191 0.0737 0.4478 0.0249 0.0153 0.0392 0.0096 0.0383 0.0909 
0.1455 0.0000 0.0255 0.0255 0.4545 0.0400 0.0109 0.0218 0.0000 0.0182 0.2582 

31 6
0.0000 0.2149 0.0248 0.0083 0.0413 0.2645 0.0331 0.0000 0.0744 0.2149 0.1240 
0.0000 0.1697 0.0061 0.2485 0.0182 0.0788 0.1212 0.0121 0.0000 0.1455 0.2000 
0.0000 0.0992 0.0000 0.0165 0.0165 0.0248 0.0331 0.0083 0.0000 0.1488 0.6529 
0.0000 0.1477 0.0114 0.0795 0.0000 0.1023 0.0568 0.0000 0.0114 0.0000 0.5909 
0.0000 0.2569 0.0158 0.1621 0.0198 0.0870 0.0079 0.0198 0.0277 0.2964 0.1067 
0.0000 0.2353 0.0588 0.0428 0.0963 0.0642 0.0642 0.0053 0.0695 0.2620 0.1016 

32 6
0.4432 0.0000 0.0114 0.2500 0.0114 0.0227 0.0000 0.0227 0.0000 0.0114 0.2273 
0.7020 0.0000 0.0051 0.0202 0.1970 0.0000 0.0000 0.0101 0.0000 0.0455 0.0202 
0.8601 0.0000 0.0000 0.1049 0.0000 0.0140 0.0070 0.0000 0.0000 0.0000 0.0140 
0.6169 0.0000 0.0016 0.1136 0.0244 0.0146 0.0162 0.0065 0.0000 0.0666 0.1396 
0.7605 0.0000 0.0029 0.0450 0.0264 0.0391 0.0000 0.0000 0.0000 0.0156 0.1105 
0.3173 0.0000 0.0000 0.0000 0.3585 0.0309 0.0000 0.0000 0.0000 0.1973 0.0961 

33 5
0.4683 0.0799 0.1019 0.0000 0.0000 0.0854 0.0331 0.0358 0.0110 0.1515 0.0331 
0.0909 0.1818 0.0404 0.0000 0.0000 0.0707 0.1414 0.0000 0.0909 0.1717 0.2121 
0.1785 0.1077 0.1953 0.0000 0.0000 0.0606 0.1077 0.0101 0.0875 0.0909 0.1616 
0.3721 0.0642 0.1261 0.0073 0.0000 0.0679 0.0133 0.0218 0.0376 0.2824 0.0073 
0.2909 0.1879 0.1273 0.0000 0.0000 0.1697 0.0121 0.1030 0.0000 0.0848 0.0242 

34 7
0.0076 0.0152 0.0530 0.4697 0.0076 0.0606 0.0909 0.2727 0.0000 0.0076 0.0152 
0.0096 0.0016 0.0000 0.2185 0.0016 0.1675 0.0670 0.4625 0.0478 0.0000 0.0239 
0.0000 0.0000 0.0061 0.1515 0.0000 0.0939 0.0576 0.4485 0.0515 0.0000 0.1909 
0.0000 0.0000 0.0000 0.0000 0.0000 0.0744 0.0000 0.9174 0.0000 0.0000 0.0083 
0.0053 0.1979 0.0053 0.0588 0.0000 0.0107 0.1230 0.1230 0.0107 0.0000 0.4652 
0.0000 0.0000 0.0000 0.1136 0.0000 0.2045 0.0000 0.1515 0.0000 0.0000 0.5303 
0.0000 0.0000 0.0088 0.1114 0.0029 0.1789 0.0117 0.5865 0.0440 0.0029 0.0528 

35 5
0.2867 0.0000 0.0280 0.0000 0.4545 0.0000 0.0000 0.0070 0.1329 0.0210 0.0699 
0.0955 0.0000 0.0045 0.0000 0.4409 0.0000 0.0000 0.0000 0.3409 0.0091 0.1091 
0.0325 0.0000 0.0000 0.0000 0.4870 0.0000 0.0000 0.0000 0.2987 0.1688 0.0130 
0.0191 0.0000 0.0144 0.0000 0.6603 0.0048 0.0000 0.0478 0.0813 0.0431 0.1292 
0.1374 0.0000 0.0385 0.0000 0.4990 0.0089 0.0000 0.0069 0.0771 0.1403 0.0919 

36 8
0.0125 0.0000 0.3280 0.0071 0.2389 0.0000 0.0160 0.0000 0.0000 0.3048 0.0927 
0.0223 0.0159 0.4593 0.0191 0.0191 0.1100 0.0255 0.0255 0.0000 0.1435 0.1595 
0.0152 0.0000 0.1212 0.0909 0.0000 0.0758 0.2500 0.0303 0.0000 0.3788 0.0379 
0.0198 0.0079 0.3597 0.0593 0.0119 0.1028 0.2292 0.0000 0.0000 0.1818 0.0277 
0.1130 0.0000 0.2039 0.0197 0.1523 0.0221 0.0958 0.0467 0.0025 0.2727 0.0713 
0.0749 0.0000 0.2674 0.0214 0.0267 0.0053 0.1283 0.0160 0.0000 0.4492 0.0107 
0.0350 0.0420 0.1748 0.0350 0.0070 0.0629 0.1538 0.0000 0.0070 0.1608 0.3217 
0.0721 0.0000 0.3135 0.0313 0.0470 0.0282 0.0596 0.0470 0.0000 0.2414 0.1599 

37 5
0.2159 0.0227 0.0000 0.1250 0.0492 0.0379 0.1288 0.0530 0.0871 0.1553 0.1250 
0.0857 0.0130 0.0026 0.0260 0.0156 0.0078 0.0104 0.0883 0.0078 0.2130 0.5299 
0.4023 0.0182 0.0159 0.1955 0.1068 0.0023 0.0182 0.0205 0.0205 0.0386 0.1614 
0.1196 0.0383 0.0000 0.3158 0.0048 0.1435 0.0191 0.0239 0.0287 0.0096 0.2967 
0.1727 0.0091 0.0000 0.4000 0.0000 0.0182 0.0182 0.0182 0.0364 0.0000 0.3273 

38 5
0.0189 0.0076 0.1364 0.0114 0.1439 0.2803 0.0568 0.1288 0.0076 0.1591 0.0492 
0.0000 0.0564 0.0564 0.0878 0.0470 0.3918 0.0376 0.0846 0.0564 0.1411 0.0408 
0.0000 0.0758 0.0000 0.0000 0.0000 0.0758 0.0000 0.3636 0.1364 0.0606 0.2879 
0.0085 0.2216 0.0028 0.0653 0.0028 0.1818 0.1080 0.0142 0.1449 0.0369 0.2131 
0.0038 0.0379 0.0341 0.1591 0.0114 0.2311 0.0720 0.2045 0.0265 0.0606 0.1591 

39 5
0.0029 0.1994 0.0557 0.2317 0.0704 0.1672 0.0000 0.0528 0.0968 0.0117 0.1114 
0.0091 0.1091 0.0818 0.2909 0.1636 0.1273 0.0182 0.0000 0.1091 0.0364 0.0545 
0.0130 0.2143 0.0260 0.2338 0.0844 0.1558 0.0065 0.0390 0.1494 0.0325 0.0455 
0.0083 0.1736 0.0165 0.1322 0.0744 0.3058 0.0000 0.0165 0.0496 0.0413 0.1818 
0.0000 0.0339 0.1384 0.2198 0.0190 0.2252 0.0366 0.0393 0.1167 0.0841 0.0868 

40 5
0.0045 0.0091 0.0000 0.1955 0.0091 0.3091 0.0773 0.1545 0.0364 0.0000 0.2045 
0.0076 0.0758 0.0000 0.0758 0.0985 0.0530 0.0682 0.1212 0.0000 0.0152 0.4848 
0.0142 0.0142 0.0000 0.1222 0.0000 0.1222 0.1420 0.3068 0.1534 0.0028 0.1222 
0.0178 0.0494 0.0000 0.2036 0.0099 0.1028 0.0059 0.1838 0.1028 0.0099 0.3142 
0.0727 0.0364 0.0000 0.2020 0.0808 0.2889 0.0202 0.0828 0.0485 0.0101 0.1576 

41 5
0.1888 0.0385 0.1469 0.0070 0.2762 0.0245 0.0070 0.0000 0.0664 0.1364 0.1084 
0.1196 0.0144 0.0478 0.0335 0.2105 0.0478 0.0000 0.1914 0.0144 0.0861 0.2344 
0.0152 0.0000 0.0051 0.0051 0.8434 0.0000 0.0051 0.0000 0.0101 0.1111 0.0051 
0.1104 0.0065 0.0000 0.0260 0.2727 0.0065 0.0000 0.0260 0.0519 0.1429 0.3571 
0.4156 0.0000 0.0000 0.0000 0.5065 0.0000 0.0000 0.0000 0.0000 0.0779 0.0000 

42 2
0.1000 0.0000 0.0091 0.0091 0.1000 0.0273 0.0182 0.0091 0.0000 0.0000 0.7273 
0.0718 0.0335 0.0144 0.0622 0.0813 0.2632 0.0670 0.0909 0.0000 0.2823 0.0335 

43 7
0.0027 0.4064 0.0107 0.1257 0.0000 0.0588 0.1096 0.0615 0.0214 0.0080 0.1952 
0.0079 0.1818 0.0119 0.0356 0.0000 0.0632 0.1858 0.0593 0.0553 0.0711 0.3281 
0.0000 0.2808 0.0000 0.3280 0.0000 0.1036 0.0437 0.0000 0.0000 0.0000 0.2440 
0.0000 0.0992 0.0000 0.0413 0.0000 0.0165 0.0909 0.0289 0.2479 0.0000 0.4752 
0.0049 0.2841 0.0016 0.0568 0.0000 0.2532 0.2045 0.0227 0.0649 0.0130 0.0942 
0.0101 0.2155 0.0236 0.1549 0.0000 0.0842 0.1111 0.1246 0.1145 0.0000 0.1616 
0.0000 0.1173 0.0053 0.0369 0.0000 0.3043 0.1304 0.1028 0.0198 0.0079 0.2754 

44 7
0.0000 0.0856 0.0160 0.2246 0.0374 0.3209 0.0642 0.0909 0.0000 0.0160 0.1444 
0.0582 0.0582 0.0000 0.2582 0.1055 0.2000 0.0036 0.2109 0.0327 0.0218 0.0509 
0.0000 0.1970 0.0152 0.1364 0.0000 0.0606 0.2576 0.2576 0.0152 0.0000 0.0606 
0.0000 0.1463 0.0000 0.1020 0.1574 0.3215 0.0111 0.1375 0.0089 0.0244 0.0909 
0.0000 0.0833 0.0000 0.0000 0.0000 0.3432 0.0000 0.0000 0.0000 0.0858 0.4877 
0.0000 0.1250 0.0057 0.1420 0.0227 0.2045 0.0057 0.1023 0.0170 0.0057 0.3693 
0.0000 0.0000 0.0000 0.0152 0.0000 0.5000 0.0000 0.0909 0.0000 0.0303 0.3636 

45 6
0.0121 0.3273 0.0485 0.0061 0.0121 0.0121 0.0000 0.0242 0.0121 0.2545 0.2909 
0.0091 0.4212 0.0182 0.0000 0.0000 0.1061 0.0242 0.0091 0.0455 0.3091 0.0576 
0.0398 0.2812 0.0227 0.0057 0.0369 0.0284 0.0256 0.0540 0.0170 0.3665 0.1222 
0.0207 0.4380 0.0041 0.0124 0.0041 0.0248 0.0207 0.0000 0.0124 0.4008 0.0620 
0.0152 0.2803 0.0152 0.0000 0.0000 0.0303 0.0455 0.0227 0.1818 0.1212 0.2879 
0.0379 0.3864 0.0076 0.0000 0.0000 0.0000 0.0833 0.0682 0.0076 0.3788 0.0303 

46 4
0.0476 0.0087 0.2814 0.3983 0.0000 0.0606 0.0087 0.0779 0.0260 0.0087 0.0823 
0.0096 0.0191 0.1340 0.1866 0.0000 0.0813 0.0431 0.1148 0.0000 0.1053 0.3062 
0.0248 0.0331 0.0909 0.3967 0.0000 0.1488 0.0331 0.1240 0.0083 0.0000 0.1405 
0.0714 0.1169 0.2338 0.3377 0.0000 0.1429 0.0065 0.0325 0.0260 0.0000 0.0325 

47 5
0.0237 0.0474 0.1858 0.1779 0.0277 0.1107 0.0237 0.0119 0.0553 0.1660 0.1700 
0.0143 0.0013 0.2961 0.0390 0.0935 0.0182 0.1805 0.0597 0.0247 0.0883 0.1844 
0.0173 0.0390 0.1861 0.1126 0.0173 0.0693 0.0563 0.0476 0.1082 0.0779 0.2684 
0.0195 0.0162 0.1916 0.0974 0.0130 0.0357 0.1786 0.0065 0.0455 0.1461 0.2500 
0.0091 0.0000 0.3909 0.2182 0.0000 0.0545 0.0909 0.0000 0.1455 0.0727 0.0182 

48 7
0.0120 0.1509 0.0069 0.3979 0.0000 0.1389 0.0566 0.0137 0.0395 0.0377 0.1458 
0.0136 0.1000 0.0045 0.3818 0.0045 0.1455 0.0045 0.0500 0.1227 0.0000 0.1727 
0.0000 0.1818 0.0000 0.0779 0.0000 0.5584 0.0390 0.0130 0.0000 0.0000 0.1299 
0.0000 0.1329 0.0070 0.3706 0.0000 0.1469 0.1119 0.0140 0.0070 0.0070 0.2028 
0.0303 0.0530 0.0162 0.4297 0.0011 0.1634 0.0909 0.0498 0.0693 0.0022 0.0942 
0.0043 0.0693 0.0346 0.3463 0.0043 0.0996 0.0519 0.0952 0.1169 0.0000 0.1775 
0.0000 0.1212 0.0253 0.3535 0.0000 0.1162 0.0657 0.0354 0.0000 0.0152 0.2677 

49 4
0.0000 0.2669 0.0000 0.0205 0.0235 0.0440 0.0997 0.0411 0.3548 0.0059 0.1437 
0.0000 0.1232 0.0000 0.0381 0.0029 0.1349 0.1848 0.0205 0.2991 0.0762 0.1202 
0.0000 0.4121 0.0000 0.0000 0.0000 0.0879 0.1446 0.0000 0.0864 0.0000 0.2690 
0.0000 0.3182 0.0000 0.0000 0.0051 0.0859 0.2222 0.0000 0.2828 0.0051 0.0808 

50 7
0.0866 0.0130 0.0260 0.0216 0.0000 0.4935 0.0346 0.0736 0.0000 0.0390 0.2121 
0.0212 0.0364 0.0303 0.0667 0.0030 0.4394 0.1303 0.1606 0.0030 0.0333 0.0758 
0.0436 0.0255 0.0109 0.0073 0.0291 0.2255 0.0291 0.0873 0.0000 0.0982 0.4436 
0.0281 0.1653 0.0694 0.0033 0.0281 0.2744 0.0298 0.0512 0.0033 0.0413 0.3058 
0.1667 0.0051 0.0556 0.0101 0.0303 0.5556 0.0202 0.0960 0.0000 0.0202 0.0404 
0.0966 0.0455 0.0511 0.0739 0.0227 0.5398 0.0284 0.0852 0.0114 0.0000 0.0455 
0.0035 0.0140 0.0035 0.1364 0.0000 0.5664 0.0699 0.0210 0.0000 0.1678 0.0175 

51 8
0.0121 0.0000 0.0061 0.2242 0.0061 0.2061 0.4242 0.0182 0.0303 0.0000 0.0727 
0.0158 0.0375 0.0059 0.0316 0.0000 0.1324 0.4664 0.0119 0.0514 0.0000 0.2470 
0.0140 0.0210 0.0070 0.1958 0.0000 0.1399 0.5385 0.0210 0.0280 0.0000 0.0350 
0.0364 0.0182 0.0091 0.1545 0.0000 0.2727 0.3970 0.0303 0.0394 0.0030 0.0394 
0.0111 0.0074 0.0037 0.0056 0.0019 0.1466 0.4620 0.0037 0.0334 0.0019 0.3228 
0.0031 0.0157 0.0094 0.0846 0.0063 0.3511 0.4577 0.0251 0.0219 0.0000 0.0251 
0.0000 0.0000 0.0083 0.0744 0.0000 0.2149 0.4298 0.1240 0.0744 0.0000 0.0744 
0.0280 0.0315 0.0245 0.1014 0.0035 0.1783 0.3671 0.0664 0.0385 0.0000 0.1608 

52 5
0.0000 0.0000 0.0026 0.3439 0.0000 0.0843 0.0000 0.5679 0.0000 0.0000 0.0013 
0.0000 0.0000 0.0000 0.1831 0.0000 0.0805 0.0000 0.5390 0.0000 0.0000 0.1974 
0.0000 0.0000 0.0036 0.1236 0.0036 0.0945 0.0036 0.3309 0.0000 0.0000 0.4400 
0.0000 0.0000 0.0114 0.3864 0.0114 0.1818 0.0000 0.3523 0.0000 0.0000 0.0568 
0.0000 0.0041 0.0000 0.2975 0.0000 0.2231 0.0000 0.3678 0.0000 0.0000 0.1074 

53 5
0.0277 0.0079 0.0079 0.0000 0.0356 0.0395 0.1383 0.0000 0.0791 0.0632 0.6008 
0.1074 0.0537 0.0331 0.0083 0.0620 0.0331 0.3099 0.0041 0.2851 0.0868 0.0165 
0.0606 0.1515 0.0000 0.0000 0.0000 0.0000 0.4242 0.0000 0.1667 0.0000 0.1970 
0.0909 0.2483 0.0175 0.0000 0.0000 0.0000 0.1818 0.0000 0.0035 0.0000 0.4580 
0.0413 0.1157 0.0413 0.0041 0.1074 0.0165 0.3388 0.0000 0.2603 0.0579 0.0165 

54 3
0.0284 0.2386 0.0057 0.0000 0.0000 0.1250 0.1307 0.0568 0.0739 0.2216 0.1193 
0.0000 0.0000 0.0909 0.0000 0.0000 0.1932 0.0909 0.0341 0.2841 0.0795 0.2273 
0.0138 0.2204 0.0193 0.0689 0.0000 0.1653 0.1928 0.1653 0.0110 0.1129 0.0303 

55 4
0.0152 0.2121 0.4167 0.2727 0.0000 0.0076 0.0000 0.0303 0.0076 0.0000 0.0379 
0.0074 0.1130 0.2359 0.3440 0.0049 0.0786 0.0025 0.0565 0.0541 0.0123 0.0909 
0.0338 0.1091 0.1377 0.3351 0.0000 0.1169 0.0052 0.0156 0.0571 0.0468 0.1429 
0.0267 0.0107 0.2353 0.3529 0.0000 0.3102 0.0053 0.0160 0.0160 0.0053 0.0214 

56 6
0.0564 0.0000 0.0031 0.0031 0.5956 0.0031 0.0000 0.0376 0.0690 0.0313 0.2006 
0.0909 0.0000 0.0364 0.0582 0.5709 0.0036 0.0000 0.0000 0.0436 0.0036 0.1927 
0.0826 0.0000 0.0055 0.0165 0.5620 0.0331 0.0193 0.0028 0.1570 0.0634 0.0579 
0.0413 0.0000 0.0826 0.0331 0.6694 0.0041 0.0124 0.0000 0.0496 0.0041 0.1033 
0.1219 0.0000 0.0445 0.0213 0.6054 0.0126 0.0087 0.0000 0.1112 0.0145 0.0600 
0.1818 0.0000 0.0207 0.0145 0.4008 0.0682 0.0041 0.0000 0.0620 0.1157 0.1322 

57 6
0.4982 0.0000 0.0073 0.0909 0.0036 0.1345 0.0109 0.0073 0.0800 0.0000 0.1673 
0.4848 0.0000 0.0000 0.0354 0.0505 0.0152 0.0101 0.0051 0.0303 0.2424 0.1263 
0.5152 0.0000 0.0707 0.0202 0.0000 0.0000 0.0000 0.0000 0.0707 0.0000 0.3232 
0.6818 0.0000 0.0000 0.0785 0.0041 0.0496 0.0041 0.0000 0.1033 0.0041 0.0744 
0.5372 0.0000 0.0165 0.0413 0.0165 0.0000 0.0083 0.0000 0.2479 0.1157 0.0165 
0.5859 0.0011 0.0247 0.0471 0.0101 0.0662 0.0415 0.0000 0.0606 0.0258 0.1369 

58 6
0.0083 0.0000 0.2397 0.0083 0.0165 0.2975 0.0000 0.0331 0.0000 0.3884 0.0083 
0.0372 0.0000 0.1529 0.0826 0.0248 0.0620 0.3099 0.0537 0.0000 0.2438 0.0331 
0.0804 0.0000 0.3497 0.0000 0.0245 0.0105 0.0455 0.0000 0.0000 0.4406 0.0490 
0.1364 0.0758 0.1136 0.1515 0.0379 0.0379 0.1212 0.0076 0.0000 0.2727 0.0455 
0.0534 0.0613 0.1265 0.1423 0.0059 0.0810 0.1008 0.0237 0.0000 0.2530 0.1522 
0.1450 0.0000 0.1499 0.0000 0.1007 0.1081 0.0000 0.0000 0.0000 0.4300 0.0663 

59 6
0.0364 0.0364 0.1182 0.0000 0.0000 0.1455 0.4273 0.0000 0.0364 0.0818 0.1182 
0.0000 0.3636 0.0000 0.0000 0.0000 0.0606 0.3818 0.0182 0.0121 0.0848 0.0788 
0.0455 0.1591 0.0455 0.0114 0.0000 0.2273 0.3409 0.0000 0.0000 0.0682 0.1023 
0.0000 0.0909 0.0000 0.0000 0.0000 0.0455 0.5000 0.0000 0.1364 0.1364 0.0909 
0.0070 0.1399 0.0210 0.0070 0.0000 0.0979 0.6154 0.0000 0.0000 0.0140 0.0979 
0.0140 0.1958 0.0303 0.0373 0.0000 0.1492 0.3054 0.0117 0.0373 0.0093 0.2098 

60 5
0.0000 0.0125 0.4107 0.0658 0.0313 0.1379 0.0439 0.1254 0.0063 0.0376 0.1285 
0.0070 0.0070 0.4056 0.0070 0.0979 0.0839 0.2238 0.0629 0.0000 0.0699 0.0350 
0.0000 0.0000 0.2614 0.0000 0.0057 0.0227 0.1080 0.0114 0.0057 0.0909 0.4943 
0.0105 0.0420 0.1678 0.0385 0.0245 0.0594 0.0734 0.1434 0.0105 0.1154 0.3147 
0.0000 0.0758 0.0000 0.0000 0.1212 0.1970 0.0909 0.0455 0.0152 0.0303 0.4242 

61 8
0.0136 0.0000 0.0545 0.1455 0.0045 0.2545 0.1545 0.0227 0.0273 0.2318 0.0909 
0.0281 0.0000 0.1537 0.0777 0.0413 0.1603 0.0975 0.0033 0.1124 0.2992 0.0264 
0.0227 0.0000 0.2045 0.1477 0.0341 0.1364 0.1023 0.0114 0.0568 0.1705 0.1136 
0.0048 0.0000 0.1100 0.0574 0.4067 0.1005 0.1244 0.0000 0.0096 0.1244 0.0622 
0.0000 0.0000 0.0844 0.0260 0.0584 0.4740 0.1234 0.0000 0.0325 0.1688 0.0325 
0.0000 0.0000 0.1364 0.0773 0.1409 0.0682 0.0636 0.0000 0.1636 0.0182 0.3318 
0.0909 0.0000 0.0795 0.0227 0.3409 0.0682 0.0000 0.0000 0.0682 0.2386 0.0909 
0.0068 0.0000 0.1432 0.1386 0.0614 0.1795 0.0795 0.0000 0.0477 0.0477 0.2955 

62 4
0.0019 0.0406 0.0213 0.0716 0.0039 0.2650 0.1818 0.2553 0.0251 0.0097 0.1238 
0.0000 0.0661 0.0000 0.0579 0.0826 0.1983 0.0331 0.1157 0.1157 0.0165 0.3140 
0.0000 0.0383 0.0598 0.1172 0.0096 0.2392 0.1364 0.1555 0.1172 0.0072 0.1196 
0.0101 0.0606 0.0606 0.0606 0.0000 0.2222 0.0808 0.0909 0.0000 0.2727 0.1414 

63 5
0.0000 0.0303 0.0485 0.0303 0.0061 0.1212 0.1576 0.0848 0.0545 0.0000 0.4667 
0.0182 0.0364 0.0091 0.1727 0.0000 0.2091 0.0545 0.0000 0.1182 0.0000 0.3818 
0.0379 0.0227 0.2424 0.0682 0.0000 0.2121 0.0455 0.1439 0.0985 0.0000 0.1288 
0.0409 0.0136 0.1773 0.3000 0.0000 0.0955 0.0682 0.1227 0.0455 0.0000 0.1364 
0.0000 0.0028 0.0689 0.2259 0.0000 0.2975 0.0386 0.1763 0.0937 0.0000 0.0964 

64 7
0.0000 0.1648 0.5170 0.0000 0.0682 0.0170 0.0795 0.0000 0.0341 0.0227 0.0966 
0.0000 0.1136 0.3807 0.0000 0.0511 0.0227 0.2045 0.0199 0.0795 0.0483 0.0795 
0.0000 0.1780 0.0568 0.0114 0.0492 0.1742 0.2197 0.1061 0.1136 0.0530 0.0379 
0.0000 0.0979 0.3916 0.0035 0.0664 0.0035 0.1154 0.0070 0.0315 0.0210 0.2622 
0.0000 0.1091 0.6818 0.0091 0.0818 0.0273 0.0091 0.0091 0.0182 0.0455 0.0091 
0.0000 0.1477 0.0341 0.0227 0.1648 0.0341 0.0795 0.0000 0.0000 0.0227 0.4943 
0.0000 0.0974 0.0195 0.0195 0.0130 0.3117 0.0909 0.0455 0.0390 0.0000 0.3636 

65 4
0.0152 0.0152 0.3182 0.0606 0.0000 0.0303 0.0152 0.1364 0.0455 0.0000 0.3636 
0.0000 0.0202 0.0303 0.1313 0.0000 0.0505 0.2828 0.0000 0.0404 0.0000 0.4444 
0.0278 0.0101 0.1995 0.1035 0.0000 0.1187 0.0783 0.1894 0.0303 0.0404 0.2020 
0.0101 0.0808 0.0101 0.2424 0.0000 0.0808 0.0303 0.0707 0.0808 0.0000 0.3939 

66 6
0.0606 0.1515 0.0152 0.0303 0.0000 0.0000 0.0000 0.1818 0.0000 0.2576 0.3030 
0.0000 0.1818 0.1970 0.0152 0.0000 0.0909 0.0152 0.0000 0.0000 0.3788 0.1212 
0.0105 0.0979 0.0874 0.0524 0.0000 0.0245 0.0035 0.0420 0.0175 0.1189 0.5455 
0.0160 0.0267 0.2460 0.0053 0.0053 0.0107 0.0000 0.0321 0.0107 0.3316 0.3155 
0.0490 0.0000 0.4685 0.0210 0.0000 0.0350 0.0000 0.0000 0.0070 0.1888 0.2308 
0.0455 0.0315 0.2762 0.0210 0.0070 0.1399 0.0000 0.0594 0.0245 0.3776 0.0175 

67 6
0.0277 0.0237 0.0198 0.1937 0.0949 0.1344 0.1146 0.0158 0.0474 0.1700 0.1581 
0.0977 0.0136 0.0364 0.1000 0.0386 0.3409 0.0545 0.0250 0.0159 0.0705 0.2068 
0.0795 0.2045 0.1364 0.0227 0.0000 0.1023 0.2045 0.0000 0.0568 0.1250 0.0682 
0.0769 0.0070 0.0490 0.1399 0.1923 0.2657 0.0210 0.0559 0.0105 0.0350 0.1469 
0.0398 0.0000 0.0227 0.2273 0.3011 0.3409 0.0000 0.0114 0.0057 0.0170 0.0341 
0.4175 0.1431 0.0219 0.0387 0.0791 0.1044 0.0017 0.0101 0.0017 0.0421 0.1397 

68 5
0.0083 0.0124 0.0000 0.2314 0.0124 0.0785 0.1446 0.1818 0.1529 0.0083 0.1694 
0.0000 0.0130 0.0000 0.3766 0.0130 0.0909 0.3117 0.0260 0.0390 0.0000 0.1299 
0.0000 0.0000 0.0000 0.3636 0.0000 0.0568 0.0341 0.0227 0.2898 0.0000 0.2330 
0.0101 0.0000 0.0000 0.3081 0.0000 0.0101 0.0859 0.0354 0.1414 0.0000 0.4091 
0.0000 0.0152 0.0000 0.0152 0.0076 0.0152 0.0379 0.0758 0.0530 0.0000 0.7803 

69 4
0.0227 0.2045 0.0114 0.1705 0.0000 0.2614 0.0057 0.1364 0.0114 0.1420 0.0341 
0.1558 0.0390 0.0649 0.1558 0.0000 0.2987 0.0000 0.0260 0.1688 0.0390 0.0519 
0.0000 0.2086 0.0535 0.2299 0.0000 0.2781 0.0214 0.0000 0.1070 0.0053 0.0963 
0.0341 0.1818 0.0114 0.2784 0.0000 0.1960 0.0227 0.0114 0.0710 0.0028 0.1903 

70 5
0.0487 0.0584 0.0000 0.2532 0.0260 0.0227 0.0195 0.0097 0.2727 0.0097 0.2792 
0.0785 0.0165 0.0000 0.2893 0.0000 0.0744 0.0207 0.0124 0.2273 0.0041 0.2769 
0.2436 0.0091 0.0000 0.2855 0.0055 0.1273 0.0255 0.0127 0.1855 0.0000 0.1055 
0.0934 0.0152 0.0000 0.2071 0.0051 0.0682 0.0631 0.0051 0.0833 0.0202 0.4394 
0.2332 0.0316 0.0000 0.2055 0.0079 0.0711 0.0000 0.0119 0.2490 0.0395 0.1502 

71 6
0.0390 0.0390 0.0000 0.1299 0.0260 0.0390 0.3117 0.1948 0.0000 0.0130 0.2078 
0.0000 0.1429 0.0000 0.0649 0.0130 0.0303 0.2035 0.3247 0.0000 0.0000 0.2208 
0.0000 0.0000 0.0000 0.2987 0.0519 0.1039 0.0065 0.0844 0.0000 0.0065 0.4481 
0.0096 0.0239 0.0000 0.1053 0.0096 0.0096 0.1818 0.1483 0.0096 0.0766 0.4258 
0.0227 0.0455 0.0000 0.1136 0.0000 0.0227 0.0795 0.0909 0.0000 0.0455 0.5795 
0.0130 0.0130 0.0000 0.4026 0.0519 0.0260 0.1818 0.2338 0.0649 0.0000 0.0130 

72 4
0.0000 0.0041 0.2603 0.0496 0.0413 0.0165 0.1074 0.0041 0.0537 0.2025 0.2603 
0.0000 0.0413 0.4339 0.1488 0.0000 0.0041 0.1736 0.0207 0.0000 0.0413 0.1364 
0.0130 0.0260 0.4502 0.0693 0.0043 0.0173 0.2294 0.0000 0.0216 0.0260 0.1429 
0.0053 0.0042 0.3510 0.0359 0.0021 0.0233 0.0243 0.0053 0.0539 0.1459 0.3488 

73 4
0.6273 0.0045 0.0136 0.0273 0.2136 0.0000 0.0000 0.0000 0.0409 0.0591 0.0136 
0.5844 0.0065 0.0390 0.0260 0.1104 0.0000 0.0130 0.0000 0.0584 0.0260 0.1364 
0.7045 0.0000 0.0284 0.0057 0.0170 0.0000 0.0398 0.0000 0.0682 0.0852 0.0511 
0.4190 0.0316 0.0237 0.0514 0.0040 0.0000 0.0277 0.0000 0.0237 0.1067 0.3123 

74 5
0.0114 0.0000 0.0000 0.0000 0.9318 0.0000 0.0000 0.0000 0.0568 0.0000 0.0000 
0.0848 0.0000 0.0182 0.0061 0.7879 0.0000 0.0242 0.0000 0.0545 0.0000 0.0242 
0.0168 0.0000 0.0337 0.0084 0.7003 0.0505 0.0034 0.0219 0.1263 0.0000 0.0387 
0.0289 0.0000 0.0145 0.0269 0.6550 0.0227 0.0207 0.0062 0.0620 0.0000 0.1632 
0.0303 0.0000 0.0101 0.0025 0.8131 0.0328 0.0051 0.0177 0.0783 0.0000 0.0101 

75 2
0.0649 0.2078 0.0130 0.1558 0.0130 0.0130 0.0649 0.0000 0.0779 0.0000 0.3896 
0.0379 0.0076 0.0152 0.7273 0.0682 0.0606 0.0152 0.0000 0.0379 0.0152 0.0152 

76 3
0.0165 0.0083 0.0331 0.0413 0.0000 0.0496 0.0331 0.2149 0.0413 0.1653 0.3967 
0.0152 0.0000 0.3409 0.1439 0.0000 0.0152 0.2273 0.0985 0.0227 0.0455 0.0909 
0.0661 0.0909 0.4628 0.0331 0.0000 0.0083 0.0331 0.0248 0.0000 0.0000 0.2810 

77 8
0.1157 0.3802 0.0165 0.0950 0.0083 0.0165 0.0041 0.0579 0.0372 0.1116 0.1570 
0.0517 0.3654 0.0000 0.1390 0.0018 0.0321 0.0374 0.1961 0.0053 0.0909 0.0802 
0.0077 0.3559 0.0019 0.1683 0.0000 0.0677 0.0000 0.0967 0.0000 0.0967 0.2050 
0.0000 0.4646 0.0000 0.2525 0.0000 0.0707 0.1010 0.0101 0.0000 0.0000 0.1010 
0.0063 0.4389 0.0000 0.1755 0.0000 0.1129 0.0000 0.0627 0.0000 0.1473 0.0564 
0.0053 0.1390 0.0000 0.0374 0.0053 0.0160 0.0107 0.0535 0.0053 0.0000 0.7273 
0.0260 0.4481 0.0000 0.2273 0.0000 0.0260 0.0000 0.1948 0.0000 0.0065 0.0714 
0.0364 0.5515 0.0121 0.0667 0.0000 0.0303 0.0000 0.1212 0.0061 0.0545 0.1212 

78 5
0.0658 0.0031 0.2288 0.0063 0.0721 0.0376 0.0878 0.0376 0.0000 0.1254 0.3354 
0.1212 0.0000 0.2727 0.0000 0.1288 0.0455 0.0758 0.0227 0.0076 0.1970 0.1288 
0.0336 0.0059 0.1996 0.0257 0.0059 0.0257 0.1719 0.0296 0.0237 0.0336 0.4447 
0.0387 0.0097 0.2476 0.0174 0.0174 0.0426 0.2147 0.0619 0.0097 0.0928 0.2476 
0.0571 0.0000 0.2922 0.0403 0.0805 0.0351 0.1961 0.0403 0.0299 0.1532 0.0753 

79 2
0.2303 0.0121 0.0121 0.0000 0.0061 0.0000 0.0000 0.0000 0.1152 0.0667 0.5576 
0.4030 0.0182 0.0879 0.0061 0.0152 0.0000 0.0000 0.0000 0.2121 0.1576 0.1000 

80 6
0.0943 0.0909 0.0168 0.0741 0.0000 0.0842 0.2828 0.0572 0.0269 0.0000 0.2727 
0.0083 0.1157 0.0083 0.0579 0.0000 0.2149 0.4298 0.0248 0.0000 0.0000 0.1405 
0.0175 0.0594 0.0140 0.0000 0.0000 0.0699 0.3776 0.0175 0.0559 0.0000 0.3881 
0.0105 0.1748 0.0455 0.0105 0.0000 0.1748 0.3601 0.0664 0.0070 0.0000 0.1503 
0.0162 0.1152 0.0525 0.0727 0.0000 0.0687 0.4081 0.0121 0.0121 0.0020 0.2404 
0.1047 0.1129 0.0138 0.0606 0.0000 0.1708 0.3223 0.0275 0.0028 0.0000 0.1846 

81 3
0.0000 0.0083 0.0000 0.0248 0.0000 0.0083 0.7107 0.0331 0.0661 0.0000 0.1488 
0.0000 0.0909 0.2525 0.0202 0.0000 0.0000 0.3838 0.0707 0.0101 0.0000 0.1717 
0.0000 0.0182 0.1515 0.0182 0.0000 0.0000 0.6485 0.0061 0.0182 0.0000 0.1394 

82 6
0.1742 0.0000 0.0000 0.0530 0.0152 0.0606 0.0000 0.0076 0.0000 0.0758 0.6136 
0.0758 0.0455 0.0000 0.1515 0.0000 0.1061 0.0000 0.0000 0.0000 0.3182 0.3030 
0.2917 0.0000 0.0038 0.0720 0.0000 0.1515 0.0000 0.0000 0.0000 0.2803 0.2008 
0.3471 0.0165 0.0000 0.1074 0.1405 0.0826 0.0000 0.0000 0.0000 0.1157 0.1901 
0.4470 0.0000 0.0000 0.0606 0.0076 0.0379 0.0000 0.0000 0.0985 0.3030 0.0455 
0.3258 0.0045 0.0015 0.0348 0.0545 0.0742 0.0015 0.0045 0.0091 0.3667 0.1227 

83 5
0.0000 0.0119 0.4980 0.0277 0.0158 0.0237 0.0791 0.0593 0.0277 0.0909 0.1660 
0.0000 0.0381 0.4927 0.0059 0.0000 0.0645 0.0587 0.1026 0.0205 0.0059 0.2111 
0.0000 0.0028 0.8320 0.0000 0.0000 0.0138 0.0771 0.0028 0.0000 0.0000 0.0716 
0.0000 0.0182 0.3227 0.0932 0.0341 0.0182 0.1841 0.0341 0.0114 0.0977 0.1864 
0.0000 0.0068 0.5875 0.1153 0.0014 0.0095 0.0963 0.0244 0.0231 0.0054 0.1303 

84 3
0.0277 0.0119 0.0000 0.0751 0.0000 0.1779 0.0909 0.0593 0.4150 0.0079 0.1344 
0.0152 0.0152 0.0000 0.1061 0.0000 0.2727 0.2273 0.0000 0.3182 0.0000 0.0455 
0.0097 0.0065 0.0000 0.0519 0.0000 0.1136 0.0942 0.0649 0.2955 0.0714 0.2922 

85 5
0.0436 0.0473 0.1782 0.0109 0.0073 0.4073 0.0073 0.2582 0.0000 0.0218 0.0182 
0.0210 0.0000 0.1469 0.0000 0.0070 0.4545 0.0070 0.2657 0.0000 0.0699 0.0280 
0.0412 0.0086 0.2161 0.0086 0.0137 0.1321 0.0206 0.2419 0.0000 0.0978 0.2196 
0.0420 0.0000 0.1678 0.0023 0.0629 0.1772 0.0559 0.1422 0.0000 0.3030 0.0466 
0.0909 0.0315 0.2028 0.0175 0.0245 0.1713 0.0245 0.1713 0.0000 0.1993 0.0664 

86 5
0.0714 0.0000 0.0260 0.0260 0.0909 0.2273 0.1234 0.0000 0.0000 0.2857 0.1494 
0.1420 0.0000 0.1761 0.0000 0.2670 0.1648 0.0284 0.0000 0.0795 0.0795 0.0625 
0.0606 0.0000 0.0758 0.0379 0.1364 0.2803 0.0758 0.0000 0.0000 0.0909 0.2424 
0.3247 0.0000 0.0260 0.0130 0.1299 0.1818 0.0519 0.0000 0.0260 0.2468 0.0000 
0.1558 0.0000 0.0390 0.0260 0.0779 0.2987 0.0649 0.0000 0.0519 0.0649 0.2208 

87 8
0.0000 0.0000 0.1515 0.0303 0.3747 0.0055 0.0000 0.0000 0.0358 0.1185 0.2837 
0.0000 0.0649 0.1039 0.0130 0.3247 0.0000 0.0260 0.0000 0.0390 0.0909 0.3377 
0.0000 0.0034 0.0404 0.0370 0.6195 0.0000 0.0000 0.0000 0.1515 0.0404 0.1077 
0.0000 0.0091 0.1091 0.0136 0.7636 0.0000 0.0000 0.0000 0.0318 0.0591 0.0136 
0.0000 0.0000 0.0321 0.0214 0.7701 0.0053 0.0000 0.0000 0.0642 0.0695 0.0374 
0.0000 0.0000 0.1136 0.0273 0.6136 0.0182 0.0000 0.0000 0.1000 0.0909 0.0364 
0.0038 0.0000 0.1414 0.0164 0.5278 0.0581 0.0076 0.0000 0.0947 0.1263 0.0240 
0.0000 0.0000 0.3501 0.0303 0.3009 0.0590 0.0596 0.0000 0.0313 0.0883 0.0805 

88 6
0.0067 0.0067 0.0000 0.3939 0.0067 0.3603 0.0269 0.0505 0.0202 0.0000 0.1279 
0.0213 0.0503 0.0000 0.2224 0.0058 0.3907 0.0754 0.0290 0.0928 0.0000 0.1122 
0.0176 0.0293 0.0000 0.2214 0.0059 0.3812 0.0367 0.1056 0.0088 0.0000 0.1935 
0.0354 0.0455 0.0000 0.2677 0.0000 0.2525 0.1111 0.0707 0.0354 0.0000 0.1818 
0.0702 0.0083 0.0000 0.3099 0.0021 0.3988 0.0103 0.0165 0.0062 0.0000 0.1777 
0.0000 0.0455 0.0000 0.3273 0.0000 0.3091 0.0727 0.0182 0.0273 0.0000 0.2000 

89 4
0.4495 0.0202 0.0101 0.0202 0.0303 0.0556 0.0303 0.0354 0.1313 0.0202 0.1970 
0.3820 0.0000 0.0000 0.0000 0.3496 0.0000 0.0000 0.0000 0.0725 0.1180 0.0779 
0.3676 0.0040 0.0241 0.0000 0.1698 0.0067 0.0067 0.0040 0.1618 0.0307 0.2246 
0.4428 0.1173 0.0381 0.0000 0.0205 0.0557 0.0440 0.0147 0.0235 0.0968 0.1466 

90 4
0.2975 0.0083 0.0744 0.0083 0.4132 0.0083 0.0000 0.0000 0.0083 0.1570 0.0248 
0.2919 0.0000 0.1196 0.0144 0.3349 0.0383 0.0000 0.0000 0.0526 0.0574 0.0909 
0.0568 0.0000 0.0114 0.0000 0.0000 0.0000 0.0000 0.0000 0.0000 0.0000 0.9318 
0.2885 0.0040 0.0672 0.0000 0.3794 0.0040 0.0040 0.0000 0.0158 0.0751 0.1621 

91 4
0.0000 0.0000 0.4606 0.0061 0.0000 0.0485 0.2848 0.0000 0.0000 0.1333 0.0667 
0.0000 0.0303 0.1364 0.0303 0.0000 0.1061 0.5606 0.0000 0.0000 0.0000 0.1364 
0.0000 0.0000 0.5000 0.0000 0.0000 0.0000 0.4242 0.0000 0.0000 0.0758 0.0000 
0.0000 0.0291 0.1018 0.0182 0.0000 0.1382 0.2582 0.0473 0.0000 0.1236 0.2836 

92 4
0.0519 0.0390 0.4935 0.0390 0.0000 0.0000 0.0000 0.0390 0.1169 0.0000 0.2208 
0.1497 0.0214 0.3904 0.0160 0.0107 0.0053 0.0160 0.2727 0.0428 0.0160 0.0588 
0.2424 0.0606 0.5758 0.0152 0.0000 0.0455 0.0000 0.0076 0.0076 0.0152 0.0303 
0.0130 0.0649 0.5325 0.0260 0.0000 0.0779 0.1039 0.1169 0.0000 0.0390 0.0260 

93 5
