1 25
0.6023 0.0000 0.0000 0.0000 0.1136 0.1818 0.0455 0.0227 0.0000 0.0341 
0.2727 0.0000 0.0000 0.0000 0.3000 0.0455 0.1273 0.1818 0.0000 0.0727 
0.4870 0.0000 0.0000 0.0000 0.2727 0.0909 0.0130 0.0779 0.0000 0.0584 
0.4215 0.0826 0.0083 0.0000 0.2562 0.0413 0.0992 0.0083 0.0083 0.0744 
0.4949 0.0000 0.0000 0.0000 0.3434 0.0101 0.0202 0.0909 0.0000 0.0404 
0.0000 0.1616 0.1717 0.2222 0.0000 0.2929 0.0000 0.0000 0.1515 0.0000 
0.5325 0.0000 0.0000 0.0000 0.3766 0.0130 0.0390 0.0195 0.0000 0.0195 
0.4848 0.0101 0.0404 0.0808 0.1313 0.0404 0.0000 0.0000 0.1919 0.0202 
0.6455 0.0000 0.0000 0.0000 0.2273 0.0273 0.0545 0.0273 0.0000 0.0182 
0.3273 0.0000 0.0000 0.0000 0.2182 0.0545 0.0000 0.2000 0.0000 0.2000 
0.6932 0.0000 0.0000 0.0000 0.2500 0.0000 0.0000 0.0341 0.0000 0.0227 
0.4805 0.0000 0.0000 0.0000 0.2662 0.0455 0.0844 0.0065 0.0000 0.1169 
0.5000 0.0000 0.0000 0.0000 0.3636 0.0455 0.0000 0.0152 0.0000 0.0758 
0.3030 0.1061 0.0303 0.0152 0.2348 0.0076 0.1212 0.1515 0.0000 0.0303 
0.5000 0.0000 0.0000 0.0000 0.2652 0.0076 0.1061 0.1212 0.0000 0.0000 
0.4727 0.0000 0.0000 0.0000 0.3182 0.1000 0.0273 0.0545 0.0000 0.0273 
0.5390 0.0000 0.0000 0.0000 0.2597 0.0390 0.0195 0.0325 0.0000 0.1104 
0.2562 0.2066 0.0083 0.0000 0.3967 0.0413 0.0413 0.0248 0.0083 0.0165 
0.0000 0.2000 0.1273 0.1091 0.0000 0.4455 0.0000 0.0000 0.1091 0.0091 
0.5682 0.0114 0.0000 0.0000 0.1705 0.0682 0.1364 0.0455 0.0000 0.0000 
0.6818 0.0000 0.0000 0.0000 0.2273 0.0000 0.0000 0.0227 0.0000 0.0682 
0.3058 0.0000 0.0000 0.0000 0.4380 0.0579 0.0661 0.0826 0.0000 0.0496 
0.5273 0.0909 0.0000 0.0000 0.2364 0.0000 0.0000 0.0182 0.0000 0.1273 
0.5000 0.0000 0.0000 0.0000 0.2273 0.0303 0.0000 0.0303 0.0000 0.2121 
0.7071 0.1616 0.0000 0.0000 0.0000 0.1111 0.0000 0.0202 0.0000 0.0000 

2 35
0.0152 0.0000 0.1212 0.3182 0.0076 0.0455 0.4167 0.0227 0.0455 0.0076 
0.0000 0.0000 0.2810 0.0000 0.2562 0.0000 0.3058 0.0826 0.0496 0.0248 
0.0303 0.0182 0.5333 0.0121 0.0424 0.0000 0.2242 0.0182 0.0909 0.0303 
0.0227 0.0000 0.4545 0.0000 0.0000 0.0227 0.2500 0.0227 0.1818 0.0455 
0.0000 0.1717 0.2222 0.0000 0.0000 0.0101 0.2727 0.1212 0.1919 0.0101 
0.0000 0.2273 0.0909 0.0000 0.0303 0.0303 0.1061 0.3333 0.0606 0.1212 
0.0000 0.0505 0.5859 0.0000 0.1515 0.0000 0.0000 0.1313 0.0303 0.0505 
0.0000 0.0202 0.6667 0.0000 0.0909 0.0000 0.0505 0.1010 0.0303 0.0404 
0.0091 0.0000 0.5455 0.0000 0.0364 0.0000 0.2273 0.1455 0.0182 0.0182 
0.0341 0.0000 0.0227 0.0000 0.0000 0.6250 0.1818 0.0114 0.1250 0.0000 
0.0000 0.0000 0.2182 0.0000 0.0000 0.0182 0.5636 0.1091 0.0909 0.0000 
0.0000 0.0000 0.0000 0.0000 0.0606 0.3030 0.6364 0.0000 0.0000 0.0000 
0.0000 0.0260 0.7143 0.0000 0.0260 0.0000 0.1558 0.0390 0.0130 0.0260 
0.0000 0.0341 0.5114 0.0000 0.0114 0.0170 0.2216 0.1136 0.0852 0.0057 
0.0076 0.0227 0.4470 0.0000 0.0076 0.0606 0.2045 0.0833 0.1667 0.0000 
0.0130 0.0390 0.3896 0.0000 0.0130 0.0000 0.3117 0.1688 0.0260 0.0390 
0.0000 0.0000 0.7121 0.0000 0.0000 0.0152 0.0455 0.1667 0.0606 0.0000 
0.0000 0.0114 0.6023 0.0000 0.0000 0.0114 0.3295 0.0227 0.0227 0.0000 
0.0000 0.0152 0.5909 0.0000 0.0000 0.0000 0.1667 0.1818 0.0455 0.0000 
0.0000 0.0795 0.4886 0.0000 0.0000 0.0114 0.2273 0.0114 0.1818 0.0000 
0.0000 0.0000 0.2500 0.0000 0.0000 0.0000 0.2500 0.3409 0.0000 0.1591 
0.0000 0.0000 0.4545 0.0000 0.0000 0.0000 0.5455 0.0000 0.0000 0.0000 
0.0000 0.0152 0.6818 0.0000 0.1212 0.0000 0.0303 0.0152 0.0000 0.1364 
0.0130 0.0260 0.5714 0.0000 0.0519 0.0260 0.0000 0.0000 0.0519 0.2597 
0.0091 0.0182 0.5545 0.0000 0.0273 0.0273 0.1273 0.0727 0.1455 0.0182 
0.0070 0.0210 0.3566 0.0280 0.0979 0.0140 0.2657 0.0769 0.0280 0.1049 
0.0000 0.0182 0.8727 0.0000 0.0364 0.0000 0.0000 0.0000 0.0545 0.0182 
0.0000 0.0091 0.4727 0.0000 0.0091 0.0000 0.3909 0.0455 0.0545 0.0182 
0.0182 0.0000 0.0000 0.9636 0.0000 0.0000 0.0000 0.0182 0.0000 0.0000 
0.0000 0.0227 0.7386 0.0000 0.0000 0.0000 0.0795 0.0682 0.0795 0.0114 
0.0083 0.0992 0.4215 0.0000 0.0248 0.0165 0.0744 0.0579 0.2645 0.0331 
0.0000 0.0000 0.9394 0.0000 0.0000 0.0000 0.0303 0.0303 0.0000 0.0000 
0.0000 0.1023 0.1705 0.0000 0.0227 0.0227 0.4205 0.0909 0.1250 0.0455 
0.0000 0.0114 0.3864 0.0000 0.0000 0.0000 0.3523 0.0227 0.1932 0.0341 
0.0606 0.0000 0.8788 0.0000 0.0000 0.0000 0.0606 0.0000 0.0000 0.0000 

3 30
0.0606 0.0000 0.1515 0.0000 0.5303 0.0606 0.0000 0.0152 0.0152 0.1667 
0.0070 0.0000 0.2028 0.0210 0.7692 0.0000 0.0000 0.0000 0.0000 0.0000 
0.0818 0.0000 0.1364 0.0000 0.5091 0.1636 0.0000 0.0000 0.0455 0.0636 
0.0140 0.1469 0.0000 0.0000 0.6923 0.0000 0.0000 0.0000 0.0000 0.1469 
0.0455 0.0000 0.3030 0.0000 0.5758 0.0758 0.0000 0.0000 0.0000 0.0000 
0.1322 0.0000 0.0496 0.0000 0.7107 0.0413 0.0083 0.0248 0.0000 0.0331 
0.0649 0.0000 0.0519 0.0260 0.8312 0.0000 0.0000 0.0000 0.0000 0.0260 
0.1455 0.0000 0.1636 0.0000 0.5818 0.0364 0.0000 0.0000 0.0091 0.0636 
0.0170 0.0000 0.2216 0.0000 0.6761 0.0057 0.0000 0.0000 0.0682 0.0114 
0.0909 0.0000 0.4318 0.0000 0.4773 0.0000 0.0000 0.0000 0.0000 0.0000 
0.0909 0.0000 0.1477 0.0000 0.7386 0.0114 0.0000 0.0114 0.0000 0.0000 
0.0000 0.0000 0.1212 0.0000 0.8182 0.0000 0.0000 0.0000 0.0606 0.0000 
0.2879 0.0000 0.1364 0.0000 0.4091 0.0758 0.0152 0.0152 0.0606 0.0000 
0.1091 0.0000 0.2364 0.0091 0.4091 0.0636 0.0091 0.0455 0.0182 0.1000 
0.0606 0.0000 0.0606 0.0000 0.7576 0.0404 0.0000 0.0404 0.0000 0.0404 
0.1429 0.0000 0.1429 0.0000 0.6623 0.0000 0.0130 0.0000 0.0000 0.0390 
0.1399 0.0140 0.1329 0.0000 0.5455 0.0559 0.0000 0.0000 0.0559 0.0559 
0.0165 0.2727 0.0083 0.0000 0.4793 0.0000 0.0000 0.0000 0.0000 0.2231 
0.0744 0.0000 0.2066 0.0083 0.6860 0.0000 0.0000 0.0000 0.0165 0.0083 
0.1240 0.0165 0.0744 0.0083 0.3884 0.1736 0.0331 0.0496 0.0413 0.0909 
0.0000 0.0000 0.0390 0.1818 0.7792 0.0000 0.0000 0.0000 0.0000 0.0000 
0.0000 0.0341 0.0568 0.2386 0.4773 0.0114 0.0000 0.1591 0.0000 0.0227 
0.0341 0.0000 0.1080 0.0000 0.7330 0.0568 0.0000 0.0057 0.0000 0.0625 
0.1439 0.0000 0.2348 0.0152 0.5682 0.0303 0.0000 0.0076 0.0000 0.0000 
0.0227 0.0000 0.2273 0.0076 0.6818 0.0379 0.0000 0.0000 0.0076 0.0152 
0.0519 0.0000 0.1558 0.0000 0.5325 0.0519 0.0000 0.1688 0.0130 0.0260 
0.0000 0.0000 0.1364 0.0000 0.8333 0.0000 0.0000 0.0000 0.0000 0.0303 
0.0505 0.0101 0.2020 0.0101 0.3939 0.1616 0.0404 0.0303 0.0505 0.0505 
0.1414 0.0101 0.2727 0.0000 0.4848 0.0505 0.0303 0.0101 0.0000 0.0000 
0.0909 0.0000 0.0779 0.0000 0.6623 0.1169 0.0000 0.0390 0.0000 0.0130 

4 25
0.0909 0.0000 0.4909 0.0455 0.0545 0.1182 0.0000 0.0000 0.0727 0.1273 
0.2727 0.0000 0.4628 0.0496 0.0661 0.0331 0.0000 0.0000 0.0248 0.0909 
0.1488 0.0083 0.3636 0.0496 0.0992 0.0248 0.0000 0.0000 0.2149 0.0909 
0.3182 0.0000 0.3273 0.0091 0.1545 0.0364 0.0000 0.0000 0.1000 0.0545 
0.2182 0.0000 0.5273 0.0000 0.2000 0.0000 0.0000 0.0000 0.0000 0.0545 
0.1429 0.0000 0.5974 0.0000 0.1558 0.0130 0.0000 0.0000 0.0909 0.0000 
0.3182 0.0000 0.2727 0.0795 0.0455 0.0795 0.0000 0.0000 0.0227 0.1818 
0.3737 0.0000 0.3737 0.0000 0.1616 0.0101 0.0101 0.0000 0.0202 0.0505 
0.1455 0.0000 0.5636 0.0545 0.2182 0.0000 0.0000 0.0000 0.0182 0.0000 
0.0584 0.0000 0.6299 0.0390 0.0844 0.0649 0.0000 0.0000 0.0195 0.1039 
0.0909 0.0000 0.6154 0.0350 0.0979 0.0699 0.0000 0.0000 0.0909 0.0000 
0.0364 0.0000 0.6909 0.0000 0.0000 0.0000 0.0000 0.0000 0.0000 0.2727 
0.3147 0.0000 0.3077 0.0070 0.1399 0.0769 0.0000 0.0000 0.1259 0.0280 
0.1705 0.0000 0.5568 0.0000 0.0682 0.0000 0.0000 0.0000 0.0909 0.1136 
0.3068 0.0114 0.0795 0.0000 0.1591 0.1818 0.0000 0.0000 0.1477 0.1136 
0.0000 0.0000 0.3766 0.0000 0.0390 0.0130 0.0649 0.4805 0.0000 0.0260 
0.3712 0.0000 0.4773 0.0227 0.0076 0.1136 0.0000 0.0000 0.0000 0.0076 
0.2045 0.0000 0.6818 0.0000 0.0227 0.0000 0.0909 0.0000 0.0000 0.0000 
0.0000 0.0000 0.5682 0.0000 0.0000 0.0000 0.1500 0.0955 0.0045 0.1818 
0.1558 0.0000 0.6364 0.0000 0.0000 0.0130 0.0000 0.1948 0.0000 0.0000 
0.1061 0.0000 0.5303 0.0152 0.0606 0.0455 0.0000 0.0000 0.2121 0.0303 
0.3776 0.0000 0.3636 0.0909 0.0839 0.0140 0.0000 0.0000 0.0350 0.0350 
0.2273 0.0000 0.5455 0.0114 0.0227 0.1250 0.0000 0.0114 0.0341 0.0227 
0.0390 0.0000 0.5455 0.0260 0.0000 0.0000 0.0000 0.0779 0.0000 0.3117 
0.1818 0.0000 0.5758 0.0000 0.1364 0.0455 0.0000 0.0606 0.0000 0.0000 

5 36
0.0000 0.0182 0.1000 0.7000 0.0000 0.0727 0.1091 0.0000 0.0000 0.0000 
0.0000 0.0909 0.0744 0.4132 0.0000 0.1653 0.1322 0.0579 0.0661 0.0000 
0.1429 0.0519 0.0649 0.4675 0.0260 0.0260 0.1818 0.0000 0.0390 0.0000 
0.0000 0.0000 0.0000 0.7879 0.0000 0.0303 0.1818 0.0000 0.0000 0.0000 
0.0000 0.0000 0.0000 0.3333 0.3333 0.3030 0.0000 0.0303 0.0000 0.0000 
0.0000 0.0682 0.2500 0.3409 0.0000 0.1136 0.0000 0.2273 0.0000 0.0000 
0.0000 0.3409 0.0152 0.0985 0.0000 0.2348 0.1894 0.0909 0.0303 0.0000 
0.0000 0.1591 0.0114 0.6023 0.0000 0.1023 0.0568 0.0000 0.0682 0.0000 
0.0000 0.0227 0.0227 0.7273 0.0227 0.2045 0.0000 0.0000 0.0000 0.0000 
0.6364 0.0000 0.0455 0.1818 0.0000 0.0909 0.0455 0.0000 0.0000 0.0000 
0.0000 0.0000 0.1061 0.6061 0.0455 0.1818 0.0000 0.0000 0.0606 0.0000 
0.0000 0.1818 0.0364 0.4909 0.0000 0.2364 0.0545 0.0000 0.0000 0.0000 
0.0000 0.0000 0.0227 0.6591 0.0000 0.2273 0.0455 0.0000 0.0455 0.0000 
0.0909 0.0455 0.0909 0.2045 0.0000 0.0682 0.0000 0.0682 0.4318 0.0000 
0.0000 0.0000 0.0909 0.3864 0.0000 0.1364 0.2500 0.0000 0.1364 0.0000 
0.0000 0.1136 0.4318 0.1136 0.1136 0.1818 0.0000 0.0000 0.0455 0.0000 
0.0000 0.0455 0.0909 0.3485 0.0000 0.3939 0.0758 0.0303 0.0152 0.0000 
0.0000 0.0000 0.0000 0.0000 0.0364 0.2000 0.7636 0.0000 0.0000 0.0000 
0.0000 0.1591 0.0227 0.3750 0.0114 0.1818 0.0227 0.0000 0.2273 0.0000 
0.0000 0.3273 0.0364 0.3636 0.0000 0.2182 0.0364 0.0182 0.0000 0.0000 
0.0000 0.0000 0.1818 0.4545 0.0000 0.3182 0.0455 0.0000 0.0000 0.0000 
0.0000 1.0000 0.0000 0.0000 0.0000 0.0000 0.0000 0.0000 0.0000 0.0000 
0.0000 0.0227 0.0000 0.1364 0.1818 0.3409 0.2500 0.0227 0.0455 0.0000 
0.0000 0.0227 0.1136 0.6136 0.0000 0.0909 0.0000 0.0000 0.1591 0.0000 
0.0000 0.0606 0.2576 0.2879 0.0000 0.1970 0.0000 0.1061 0.0909 0.0000 
0.0000 0.0182 0.2545 0.3636 0.0364 0.1818 0.0000 0.0000 0.1455 0.0000 
0.0000 0.0779 0.1039 0.5325 0.0000 0.1299 0.0130 0.0390 0.1039 0.0000 
0.0000 0.0909 0.1039 0.2468 0.0000 0.1299 0.2987 0.0519 0.0779 0.0000 
0.0000 0.0000 0.2338 0.4156 0.0000 0.2727 0.0130 0.0000 0.0649 0.0000 
0.0000 0.0000 0.0000 0.9318 0.0000 0.0682 0.0000 0.0000 0.0000 0.0000 
0.0000 0.0000 0.0000 0.1212 0.3333 0.0000 0.3939 0.0000 0.1515 0.0000 
0.0000 0.0182 0.0909 0.6727 0.1273 0.0909 0.0000 0.0000 0.0000 0.0000 
0.0000 0.0000 0.0606 0.3333 0.0000 0.2727 0.1818 0.1515 0.0000 0.0000 
0.0000 0.0000 0.0000 0.3818 0.1000 0.3091 0.0545 0.0000 0.1545 0.0000 
0.0000 0.0606 0.0000 0.7273 0.0000 0.1364 0.0606 0.0152 0.0000 0.0000 
0.0000 0.0260 0.0390 0.6883 0.0260 0.1948 0.0000 0.0260 0.0000 0.0000 

6 64
0.0000 0.3455 0.0091 0.0091 0.0000 0.0909 0.0364 0.0091 0.0000 0.5000 
0.0000 0.1818 0.1169 0.1558 0.0000 0.0519 0.0000 0.1039 0.0000 0.3896 
0.0000 0.3523 0.2159 0.0568 0.0000 0.1136 0.0227 0.0682 0.0000 0.1705 
0.0000 0.1883 0.0390 0.2143 0.0000 0.1039 0.0260 0.1104 0.0000 0.3182 
0.0000 0.3131 0.1263 0.0606 0.0000 0.0556 0.0152 0.0000 0.0000 0.4293 
0.0727 0.2545 0.0000 0.1273 0.0000 0.2000 0.0000 0.2182 0.0000 0.1273 
0.0606 0.2172 0.0152 0.1111 0.0000 0.0657 0.1313 0.0000 0.0000 0.3990 
0.0061 0.0667 0.0545 0.0121 0.0970 0.0424 0.0000 0.4000 0.0061 0.3152 
0.0034 0.1515 0.0741 0.0606 0.0000 0.2761 0.1481 0.0202 0.0000 0.2660 
0.0065 0.0844 0.1104 0.0779 0.0130 0.1883 0.2273 0.0000 0.0000 0.2922 
0.0808 0.0051 0.1162 0.0000 0.2273 0.0000 0.2071 0.0000 0.1414 0.2222 
0.0083 0.1405 0.2810 0.1240 0.0083 0.1570 0.0000 0.0000 0.0000 0.2810 
0.2479 0.0000 0.0000 0.0000 0.3388 0.0000 0.0909 0.0000 0.0496 0.2727 
0.0000 0.1299 0.0260 0.0000 0.0000 0.4026 0.1558 0.0260 0.0000 0.2597 
0.0000 0.1883 0.0325 0.1039 0.0000 0.4026 0.0195 0.0390 0.0000 0.2143 
0.0119 0.1502 0.0949 0.0435 0.0000 0.1265 0.1542 0.1146 0.0000 0.3043 
0.0000 0.0530 0.0076 0.0606 0.0000 0.1136 0.0152 0.0000 0.0000 0.7500 
0.9394 0.0303 0.0000 0.0303 0.0000 0.0000 0.0000 0.0000 0.0000 0.0000 
0.0000 0.1932 0.0227 0.1818 0.0000 0.0682 0.0000 0.0114 0.0000 0.5227 
0.0000 0.1119 0.0979 0.1888 0.0000 0.1748 0.0979 0.0420 0.0000 0.2867 
0.0000 0.0000 0.1818 0.2500 0.0227 0.1136 0.0227 0.0455 0.0000 0.3636 
0.0000 0.2479 0.0331 0.0909 0.0000 0.1818 0.0165 0.1074 0.0000 0.3223 
0.0101 0.2222 0.0404 0.0404 0.0000 0.0808 0.0505 0.0000 0.0000 0.5556 
0.1061 0.0202 0.1111 0.1212 0.0000 0.1869 0.0000 0.0101 0.0000 0.4444 
0.0000 0.0909 0.0636 0.0091 0.0000 0.0727 0.1364 0.1182 0.0000 0.5091 
0.0000 0.1579 0.1053 0.0431 0.0000 0.1340 0.0383 0.0191 0.0000 0.5024 
0.0041 0.1198 0.1612 0.0826 0.0000 0.1488 0.0248 0.0661 0.0000 0.3926 
0.0303 0.1818 0.2424 0.0606 0.0303 0.1818 0.0909 0.0303 0.0000 0.1515 
0.1861 0.0260 0.0519 0.0519 0.2684 0.0260 0.0649 0.0000 0.0693 0.2554 
0.6364 0.0000 0.0000 0.0000 0.1818 0.0000 0.0000 0.0000 0.0000 0.1818 
0.1570 0.0165 0.4793 0.0744 0.0000 0.0496 0.0000 0.0000 0.0000 0.2231 
0.1515 0.0000 0.5556 0.0606 0.0404 0.0000 0.0000 0.0505 0.0000 0.1414 
0.0000 0.2727 0.3182 0.0000 0.0000 0.0227 0.0227 0.0000 0.0000 0.3636 
0.0000 0.1515 0.2222 0.0404 0.0000 0.1515 0.0707 0.1111 0.0000 0.2525 
0.1872 0.0000 0.0107 0.0000 0.3529 0.0000 0.2086 0.0000 0.0000 0.2406 
0.0000 0.0000 0.1061 0.0000 0.0000 0.1667 0.0152 0.0000 0.0000 0.7121 
0.1576 0.0667 0.1879 0.0727 0.0121 0.0970 0.0121 0.0000 0.0000 0.3939 
0.0000 0.1818 0.1818 0.1322 0.0000 0.0826 0.0000 0.0000 0.0000 0.4215 
0.0000 0.1364 0.1818 0.0455 0.0000 0.3636 0.0000 0.0227 0.0000 0.2500 
0.2803 0.1818 0.0909 0.0227 0.0000 0.0985 0.0076 0.0076 0.0000 0.3106 
0.1136 0.1742 0.1364 0.0000 0.0000 0.0303 0.1136 0.0076 0.0000 0.4242 
0.0000 0.2121 0.1667 0.0227 0.0000 0.0985 0.0000 0.1136 0.0000 0.3864 
0.0000 0.2828 0.0000 0.0303 0.0000 0.1010 0.0101 0.0303 0.0000 0.5455 
0.0000 0.3333 0.0758 0.0303 0.0000 0.2121 0.0455 0.0152 0.0000 0.2879 
0.0000 0.2182 0.0727 0.0091 0.0000 0.1455 0.0182 0.1091 0.0000 0.4273 
0.0000 0.0909 0.0682 0.0000 0.0000 0.0227 0.0227 0.2500 0.0000 0.5455 
0.0000 0.2159 0.0379 0.0303 0.0000 0.1742 0.0795 0.0227 0.0000 0.4394 
0.0000 0.2078 0.1818 0.0130 0.0000 0.0260 0.2078 0.0130 0.0000 0.3506 
0.0000 0.1000 0.0545 0.1182 0.0000 0.2364 0.0000 0.0182 0.0000 0.4727 
0.0455 0.0000 0.5758 0.0455 0.0152 0.0152 0.0076 0.1515 0.0000 0.1439 
0.0202 0.1111 0.0505 0.0404 0.1212 0.0909 0.0101 0.2323 0.0202 0.3030 
0.0000 0.1667 0.0152 0.0000 0.2121 0.0000 0.0000 0.5000 0.0000 0.1061 
0.0000 0.1675 0.1005 0.0287 0.0000 0.1579 0.0526 0.0909 0.0000 0.4019 
0.0000 0.1494 0.2078 0.0325 0.0000 0.0779 0.1429 0.0519 0.0000 0.3377 
0.0000 0.0390 0.0974 0.0130 0.0000 0.1494 0.0000 0.0065 0.0000 0.6948 
0.0505 0.1818 0.3131 0.1111 0.0000 0.1919 0.0303 0.0202 0.0000 0.1010 
0.1182 0.0773 0.1545 0.0136 0.1409 0.0364 0.0727 0.0091 0.1636 0.2136 
0.0000 0.2424 0.1515 0.0152 0.0000 0.0303 0.2273 0.0303 0.0000 0.3030 
0.0909 0.0000 0.3939 0.0303 0.0000 0.1212 0.0303 0.0000 0.0000 0.3333 
0.0000 0.0364 0.1091 0.0000 0.0000 0.0091 0.0273 0.4000 0.0000 0.4182 
0.1136 0.0909 0.0530 0.0000 0.0379 0.0379 0.3409 0.0152 0.1894 0.1212 
0.0325 0.1753 0.0390 0.1429 0.0065 0.1948 0.1234 0.0325 0.0000 0.2532 
0.0000 0.1091 0.0364 0.0000 0.0000 0.0182 0.0000 0.2000 0.0000 0.6364 
0.0000 0.0519 0.1169 0.0909 0.0000 0.1818 0.1688 0.0000 0.0000 0.3896 

7 26
0.0000 0.3554 0.2397 0.2314 0.0165 0.0000 0.0000 0.1570 0.0000 0.0000 
0.0000 0.0114 0.1534 0.2727 0.0284 0.0114 0.0057 0.5170 0.0000 0.0000 
0.1288 0.0000 0.2424 0.0379 0.0076 0.0000 0.0076 0.3333 0.2424 0.0000 
0.1591 0.0000 0.2652 0.0000 0.0000 0.0000 0.0000 0.3106 0.2652 0.0000 
0.0000 0.0070 0.1678 0.1469 0.0140 0.0000 0.0000 0.6643 0.0000 0.0000 
0.0000 0.6182 0.0364 0.2364 0.0000 0.0000 0.0000 0.1091 0.0000 0.0000 
0.0000 0.0000 0.0227 0.1364 0.0000 0.0000 0.0000 0.8409 0.0000 0.0000 
0.0000 0.0000 0.1010 0.0202 0.0101 0.0000 0.0000 0.8687 0.0000 0.0000 
0.0000 0.0101 0.0758 0.1111 0.0101 0.0000 0.0000 0.7929 0.0000 0.0000 
0.0000 0.0000 0.1250 0.0341 0.0000 0.0000 0.0000 0.8409 0.0000 0.0000 
0.0000 0.0000 0.0579 0.0579 0.0331 0.0000 0.0000 0.8512 0.0000 0.0000 
0.0000 0.0364 0.0727 0.0000 0.0091 0.0000 0.0000 0.8818 0.0000 0.0000 
0.0000 0.1136 0.1364 0.0341 0.0000 0.0909 0.0000 0.6136 0.0114 0.0000 
0.0000 0.1061 0.1212 0.0000 0.1212 0.0000 0.0000 0.6515 0.0000 0.0000 
0.1250 0.0000 0.0682 0.0114 0.0000 0.0000 0.0000 0.4659 0.3295 0.0000 
0.0152 0.0303 0.0000 0.0455 0.0000 0.0000 0.0000 0.7424 0.1667 0.0000 
0.0000 0.0061 0.1576 0.0970 0.0121 0.0000 0.0000 0.7273 0.0000 0.0000 
0.0000 0.0070 0.1469 0.0839 0.0629 0.1748 0.0000 0.5245 0.0000 0.0000 
0.0000 0.0000 0.1313 0.0707 0.0202 0.2929 0.0000 0.4747 0.0000 0.0101 
0.0152 0.0000 0.1212 0.1061 0.0000 0.0000 0.0000 0.7424 0.0152 0.0000 
0.2010 0.0000 0.2823 0.0096 0.0000 0.0000 0.0000 0.3062 0.2010 0.0000 
0.0152 0.0000 0.2424 0.0455 0.0152 0.6515 0.0000 0.0303 0.0000 0.0000 
0.1515 0.0303 0.7879 0.0000 0.0000 0.0000 0.0000 0.0000 0.0303 0.0000 
0.0000 0.1000 0.1727 0.0636 0.0000 0.0000 0.0545 0.6091 0.0000 0.0000 
0.0000 0.0398 0.1136 0.1307 0.0170 0.0057 0.0000 0.6818 0.0000 0.0114 
0.0000 0.0280 0.0909 0.1189 0.0210 0.2587 0.0420 0.4406 0.0000 0.0000 

8 11
0.0000 0.2468 0.0260 0.0000 0.0000 0.2857 0.0519 0.0390 0.3506 0.0000 
0.0667 0.2727 0.0000 0.1273 0.0182 0.0121 0.0061 0.0424 0.3758 0.0788 
0.0000 0.2273 0.0000 0.0000 0.0000 0.4545 0.1364 0.0455 0.1364 0.0000 
0.0000 0.2818 0.1182 0.0000 0.0091 0.2545 0.1455 0.0091 0.1818 0.0000 
0.0000 0.2788 0.0242 0.0000 0.0000 0.5212 0.0242 0.0848 0.0485 0.0182 
0.0000 0.4406 0.0070 0.0070 0.0000 0.3077 0.0909 0.0350 0.0839 0.0280 
0.0000 0.3182 0.0000 0.0000 0.0000 0.3977 0.0795 0.0568 0.1136 0.0341 
0.0000 0.3896 0.1169 0.0390 0.0000 0.0000 0.0649 0.0779 0.2857 0.0260 
0.0303 0.2121 0.1010 0.4040 0.0000 0.0000 0.0000 0.0101 0.0000 0.2424 
0.0000 0.1955 0.0273 0.1182 0.0045 0.2545 0.1636 0.0182 0.0909 0.1273 
0.0000 0.3766 0.0000 0.1688 0.0000 0.0519 0.0390 0.0519 0.0260 0.2857 

9 32
0.1273 0.0909 0.0182 0.2182 0.0000 0.4545 0.0000 0.0909 0.0000 0.0000 
0.1364 0.0636 0.0000 0.1455 0.0091 0.1091 0.0000 0.4727 0.0636 0.0000 
0.0909 0.0496 0.0000 0.0000 0.1157 0.0165 0.1157 0.3554 0.0000 0.2562 
0.0707 0.0707 0.0000 0.0707 0.0000 0.0606 0.0101 0.6162 0.1010 0.0000 
0.0390 0.1039 0.0130 0.2078 0.0390 0.1429 0.0000 0.4156 0.0390 0.0000 
0.0182 0.0364 0.0000 0.1091 0.0000 0.4182 0.0000 0.4182 0.0000 0.0000 
0.2182 0.1364 0.0273 0.0273 0.0636 0.4182 0.0091 0.1000 0.0000 0.0000 
0.0303 0.1818 0.0101 0.1010 0.1111 0.1919 0.0000 0.3737 0.0000 0.0000 
0.0413 0.1736 0.0000 0.0248 0.0992 0.1901 0.0083 0.4628 0.0000 0.0000 
0.0808 0.0303 0.0000 0.1313 0.0000 0.2828 0.0000 0.4141 0.0606 0.0000 
0.0182 0.0909 0.0545 0.0727 0.0364 0.0727 0.0000 0.5455 0.1091 0.0000 
0.1364 0.0182 0.0818 0.0273 0.0091 0.1455 0.0000 0.5545 0.0273 0.0000 
0.0707 0.0606 0.0202 0.2020 0.0303 0.1313 0.0101 0.4242 0.0505 0.0000 
0.0833 0.0909 0.0379 0.0000 0.0076 0.0909 0.0076 0.4470 0.2348 0.0000 
0.0808 0.1414 0.0000 0.1010 0.0000 0.2626 0.0000 0.3636 0.0505 0.0000 
0.0000 0.0227 0.2614 0.0341 0.0682 0.5000 0.0000 0.1023 0.0114 0.0000 
0.0182 0.2091 0.0000 0.0273 0.0545 0.1364 0.0273 0.2273 0.1000 0.2000 
0.0390 0.2857 0.0000 0.1558 0.0000 0.0909 0.0130 0.4026 0.0130 0.0000 
0.0227 0.2500 0.0000 0.0000 0.0000 0.2727 0.0455 0.3864 0.0227 0.0000 
0.2273 0.1591 0.0682 0.1136 0.0000 0.1705 0.0114 0.2386 0.0114 0.0000 
0.0000 0.5455 0.0000 0.0114 0.0000 0.0000 0.0000 0.3864 0.0114 0.0455 
0.0000 0.0649 0.1429 0.1429 0.0000 0.4286 0.0000 0.2208 0.0000 0.0000 
0.0636 0.0727 0.0455 0.0727 0.0273 0.1273 0.0000 0.5455 0.0455 0.0000 
0.0182 0.2545 0.0091 0.0364 0.0182 0.0364 0.0091 0.6182 0.0000 0.0000 
0.0390 0.0779 0.0130 0.1039 0.0390 0.4416 0.0390 0.1558 0.0779 0.0130 
0.1429 0.0000 0.0000 0.1429 0.1429 0.1429 0.0000 0.2857 0.1429 0.0000 
0.0727 0.0182 0.0000 0.0000 0.0000 0.2364 0.0000 0.4727 0.2000 0.0000 
0.0909 0.0727 0.0000 0.3818 0.0364 0.1818 0.0000 0.2182 0.0182 0.0000 
0.1667 0.1818 0.0152 0.0909 0.0152 0.1212 0.0000 0.4091 0.0000 0.0000 
0.0909 0.1288 0.0152 0.1288 0.0227 0.2121 0.0000 0.3864 0.0152 0.0000 
0.0779 0.1558 0.0130 0.0649 0.0260 0.0390 0.0000 0.6234 0.0000 0.0000 
0.1091 0.1455 0.1000 0.1000 0.0000 0.1364 0.0000 0.4091 0.0000 0.0000 

10 34
0.0000 0.0455 0.0000 0.0057 0.0000 0.0852 0.8580 0.0000 0.0057 0.0000 
0.0000 0.0130 0.0000 0.0065 0.0000 0.1429 0.8312 0.0000 0.0065 0.0000 
0.1111 0.1414 0.0000 0.0000 0.0000 0.1212 0.4848 0.0202 0.0202 0.1010 
0.0076 0.1212 0.0000 0.0833 0.0000 0.0530 0.7348 0.0000 0.0000 0.0000 
0.0000 0.2424 0.0000 0.0000 0.0000 0.0303 0.7273 0.0000 0.0000 0.0000 
0.0000 0.1136 0.0000 0.0000 0.0000 0.1136 0.7045 0.0227 0.0455 0.0000 
0.0000 0.0455 0.2500 0.0000 0.1136 0.0000 0.0000 0.5909 0.0000 0.0000 
0.0000 0.0530 0.0379 0.0985 0.0000 0.0985 0.4470 0.0303 0.0000 0.2348 
0.0000 0.0000 0.0000 0.0455 0.0000 0.0091 0.8818 0.0091 0.0545 0.0000 
0.0000 0.0963 0.1337 0.0160 0.0107 0.0214 0.5134 0.1497 0.0588 0.0000 
0.0000 0.0413 0.0000 0.0331 0.0000 0.0992 0.8017 0.0000 0.0248 0.0000 
0.0000 0.0390 0.0000 0.0693 0.0000 0.1775 0.6753 0.0043 0.0346 0.0000 
0.0000 0.0390 0.0000 0.1429 0.0000 0.0130 0.8052 0.0000 0.0000 0.0000 
0.0000 0.2323 0.0101 0.0303 0.0101 0.0101 0.5152 0.1919 0.0000 0.0000 
0.2500 0.0000 0.0000 0.0000 0.0000 0.0000 0.2727 0.0000 0.0000 0.4773 
0.0000 0.1182 0.0000 0.0000 0.0000 0.0909 0.7909 0.0000 0.0000 0.0000 
0.0000 0.0758 0.0000 0.0000 0.0000 0.1061 0.7273 0.0000 0.0909 0.0000 
0.0000 0.0629 0.0000 0.0210 0.0140 0.0350 0.5944 0.0000 0.0629 0.2098 
0.0000 0.1182 0.2455 0.0000 0.0273 0.0182 0.5636 0.0182 0.0000 0.0091 
0.0000 0.0000 0.0000 0.0000 0.0000 0.2182 0.7273 0.0000 0.0545 0.0000 
0.0000 0.0000 0.0000 0.0000 0.0000 0.0000 1.0000 0.0000 0.0000 0.0000 
0.0000 0.0455 0.0000 0.0000 0.0000 0.2273 0.7273 0.0000 0.0000 0.0000 
0.0061 0.1455 0.0000 0.0061 0.0000 0.0121 0.8303 0.0000 0.0000 0.0000 
0.0455 0.0568 0.0000 0.0114 0.0000 0.0227 0.7045 0.0000 0.1023 0.0568 
0.0000 0.1091 0.0000 0.2000 0.0000 0.2909 0.4000 0.0000 0.0000 0.0000 
0.0000 0.0579 0.0248 0.0000 0.0000 0.0331 0.6446 0.0000 0.0000 0.2397 
0.0000 0.0852 0.1989 0.1761 0.0227 0.0455 0.4545 0.0114 0.0000 0.0057 
0.0000 0.2121 0.0000 0.0000 0.0000 0.0000 0.4545 0.3333 0.0000 0.0000 
0.0000 0.2500 0.0000 0.0000 0.0000 0.2500 0.2273 0.0000 0.2727 0.0000 
0.0070 0.0000 0.0000 0.0629 0.0000 0.0699 0.7133 0.0000 0.0699 0.0769 
0.0000 0.2121 0.0985 0.0606 0.0606 0.0455 0.4318 0.0909 0.0000 0.0000 
0.3333 0.0000 0.0000 0.0000 0.0000 0.0000 0.3333 0.0000 0.0000 0.3333 
0.0000 0.0182 0.0000 0.0727 0.0000 0.0909 0.7455 0.0000 0.0727 0.0000 
0.0000 0.3182 0.0909 0.0909 0.0000 0.0000 0.5000 0.0000 0.0000 0.0000 

11 30
0.0000 0.2500 0.0000 0.0682 0.0000 0.3182 0.3182 0.0000 0.0455 0.0000 
0.0000 0.0000 0.0000 0.1667 0.0000 0.3333 0.0000 0.3333 0.1667 0.0000 
0.0000 0.0779 0.0000 0.0779 0.0000 0.2338 0.1558 0.2727 0.1818 0.0000 
0.0121 0.1515 0.0000 0.2485 0.0000 0.1212 0.1697 0.2667 0.0303 0.0000 
0.0000 0.1932 0.0000 0.2841 0.0000 0.3182 0.0114 0.1818 0.0114 0.0000 
0.0083 0.2066 0.0000 0.0331 0.0083 0.1901 0.0909 0.4545 0.0083 0.0000 
0.0000 0.1818 0.0000 0.2576 0.0152 0.1667 0.0000 0.2576 0.1212 0.0000 
0.0000 0.1758 0.0000 0.1515 0.1394 0.1152 0.0364 0.3697 0.0061 0.0061 
0.0000 0.1429 0.0000 0.0519 0.0390 0.3247 0.0779 0.2208 0.1429 0.0000 
0.0000 0.0545 0.0000 0.3818 0.0364 0.2727 0.0364 0.1818 0.0364 0.0000 
0.0000 0.0758 0.0000 0.1212 0.0758 0.3636 0.1061 0.2576 0.0000 0.0000 
0.0000 0.0000 0.0000 0.1818 0.0260 0.1818 0.2727 0.2987 0.0390 0.0000 
0.0000 0.2159 0.0000 0.0341 0.1250 0.0455 0.0682 0.5114 0.0000 0.0000 
0.0101 0.1111 0.0000 0.3131 0.1111 0.2626 0.1212 0.0505 0.0202 0.0000 
0.1688 0.0260 0.0000 0.0130 0.0130 0.6883 0.0130 0.0649 0.0000 0.0130 
0.0000 0.1515 0.0000 0.1313 0.0202 0.1111 0.4848 0.0909 0.0101 0.0000 
0.0000 0.2500 0.0000 0.1705 0.0682 0.0568 0.0909 0.3182 0.0455 0.0000 
0.0000 0.0000 0.0000 0.2222 0.0505 0.3636 0.1313 0.1212 0.1111 0.0000 
0.0000 0.0413 0.0000 0.1983 0.0496 0.0744 0.2727 0.3223 0.0413 0.0000 
0.0053 0.1390 0.0000 0.2139 0.0107 0.1016 0.2139 0.2620 0.0535 0.0000 
0.0000 0.1818 0.0000 0.0496 0.1240 0.1157 0.2397 0.2562 0.0331 0.0000 
0.0000 0.0455 0.0000 0.0273 0.1091 0.2182 0.2000 0.3000 0.1000 0.0000 
0.2149 0.1488 0.0000 0.1488 0.0579 0.0661 0.0826 0.1488 0.1157 0.0165 
0.0000 0.4364 0.0000 0.1636 0.0364 0.1636 0.0364 0.1636 0.0000 0.0000 
0.0000 0.1818 0.0000 0.1273 0.2000 0.2727 0.0182 0.2000 0.0000 0.0000 
0.0413 0.2231 0.2893 0.2314 0.0165 0.0248 0.0165 0.0000 0.0083 0.1488 
0.2323 0.0808 0.0909 0.1010 0.0000 0.0909 0.1212 0.0000 0.0505 0.2323 
0.0331 0.2975 0.0992 0.4132 0.0000 0.0165 0.0165 0.0331 0.0248 0.0661 
0.0260 0.0519 0.0000 0.1558 0.1948 0.0649 0.2727 0.1688 0.0649 0.0000 
0.1091 0.2909 0.0364 0.2182 0.0182 0.1455 0.0182 0.0727 0.0727 0.0182 

12 29
0.0667 0.1879 0.1455 0.0000 0.0303 0.2000 0.3152 0.0000 0.0424 0.0121 
0.1705 0.0227 0.0909 0.0000 0.1250 0.1477 0.4091 0.0000 0.0341 0.0000 
0.0727 0.2727 0.0182 0.0000 0.0545 0.2000 0.3455 0.0000 0.0182 0.0182 
0.1023 0.0625 0.0057 0.0000 0.0341 0.2614 0.5170 0.0000 0.0170 0.0000 
0.1472 0.0736 0.0173 0.0000 0.0260 0.0693 0.5714 0.0000 0.0606 0.0346 
0.0182 0.2909 0.0000 0.0000 0.0545 0.0727 0.5364 0.0000 0.0182 0.0091 
0.0000 0.2468 0.0000 0.0000 0.0519 0.0649 0.4675 0.0000 0.0130 0.1558 
0.1429 0.4026 0.0390 0.0000 0.0000 0.1039 0.1688 0.0000 0.1429 0.0000 
0.0303 0.2197 0.0000 0.2955 0.0985 0.0833 0.1818 0.0833 0.0076 0.0000 
0.0568 0.3068 0.1250 0.0000 0.0000 0.1591 0.3295 0.0000 0.0000 0.0227 
0.1455 0.0000 0.0727 0.0000 0.0000 0.2091 0.5273 0.0000 0.0455 0.0000 
0.1515 0.0808 0.0404 0.0000 0.0505 0.2727 0.2424 0.0000 0.1616 0.0000 
0.0000 0.0000 0.6667 0.0000 0.0000 0.0000 0.0000 0.0000 0.2879 0.0455 
0.0000 0.3273 0.0182 0.4000 0.0000 0.1273 0.0000 0.1091 0.0000 0.0182 
0.0455 0.1313 0.0202 0.0000 0.1566 0.1364 0.4596 0.0101 0.0354 0.0051 
0.0202 0.3131 0.0101 0.0101 0.0000 0.2828 0.3333 0.0000 0.0202 0.0101 
0.0744 0.0579 0.0331 0.0000 0.0165 0.0744 0.4793 0.0000 0.2107 0.0537 
0.0152 0.1970 0.0000 0.1970 0.0076 0.2348 0.1288 0.1894 0.0303 0.0000 
0.0260 0.0779 0.0260 0.0000 0.1169 0.3117 0.3506 0.0000 0.0909 0.0000 
0.0455 0.1970 0.0758 0.0000 0.0000 0.0758 0.4242 0.0000 0.1818 0.0000 
0.1240 0.1116 0.0413 0.1653 0.0207 0.0992 0.1529 0.2149 0.0702 0.0000 
0.0404 0.0000 0.0303 0.0000 0.3131 0.0202 0.3232 0.2727 0.0000 0.0000 
0.0242 0.0727 0.0242 0.0121 0.3394 0.0061 0.3152 0.1879 0.0121 0.0061 
0.0455 0.1136 0.0341 0.0000 0.1705 0.2045 0.2727 0.0000 0.0341 0.1250 
0.0321 0.2781 0.0107 0.2834 0.0856 0.1872 0.0481 0.0588 0.0160 0.0000 
0.0511 0.1648 0.0625 0.0000 0.0795 0.2330 0.3750 0.0000 0.0341 0.0000 
0.2727 0.0000 0.0000 0.0000 0.0000 0.2955 0.4318 0.0000 0.0000 0.0000 
0.0000 0.2500 0.7045 0.0227 0.0000 0.0000 0.0000 0.0000 0.0227 0.0000 
0.0000 0.0000 0.8182 0.0000 0.0000 0.0000 0.0303 0.0000 0.1515 0.0000 

13 26
0.0000 0.0000 0.0909 0.6667 0.0000 0.0000 0.0000 0.0000 0.2424 0.0000 
0.0000 0.0000 0.0182 0.4909 0.0000 0.0000 0.0364 0.2909 0.1636 0.0000 
0.0000 0.0000 0.1136 0.4697 0.0000 0.0000 0.0076 0.2803 0.1288 0.0000 
0.1000 0.1000 0.0273 0.4818 0.0000 0.0000 0.0000 0.1000 0.1909 0.0000 
0.0000 0.0000 0.0303 0.2879 0.0000 0.0303 0.0000 0.4091 0.2424 0.0000 
0.0649 0.0563 0.0693 0.1861 0.0000 0.2251 0.0476 0.1905 0.1602 0.0000 
0.0758 0.2121 0.0000 0.4091 0.0000 0.0000 0.0909 0.1515 0.0606 0.0000 
0.0000 0.0000 0.0779 0.5455 0.0000 0.0000 0.0130 0.2987 0.0649 0.0000 
0.0000 0.0000 0.0519 0.4416 0.0000 0.0000 0.0065 0.2727 0.2273 0.0000 
0.0000 0.0000 0.1538 0.2517 0.0000 0.0000 0.0979 0.2098 0.2867 0.0000 
0.0000 0.0000 0.1818 0.2525 0.0000 0.0000 0.0101 0.2020 0.3434 0.0101 
0.0000 0.0000 0.0795 0.5795 0.0000 0.0000 0.0114 0.2727 0.0568 0.0000 
0.0000 0.0000 0.2273 0.1023 0.0000 0.0000 0.1477 0.3523 0.1591 0.0114 
0.5227 0.0114 0.0000 0.1818 0.0000 0.0000 0.0000 0.1023 0.1818 0.0000 
0.0000 0.0000 0.1962 0.3971 0.0000 0.0000 0.0622 0.2775 0.0670 0.0000 
0.0000 0.0000 0.3636 0.2121 0.0000 0.0000 0.0000 0.4242 0.0000 0.0000 
0.0000 0.0000 0.0758 0.3030 0.0000 0.0000 0.1212 0.3333 0.1667 0.0000 
0.0000 0.0000 0.1970 0.7424 0.0000 0.0000 0.0152 0.0000 0.0455 0.0000 
0.0000 0.0000 0.0758 0.2121 0.0000 0.0000 0.0303 0.6212 0.0606 0.0000 
0.0000 0.0000 0.0545 0.3636 0.0000 0.0000 0.0727 0.4364 0.0727 0.0000 
0.0000 0.0130 0.0909 0.7403 0.0000 0.0000 0.0000 0.0909 0.0649 0.0000 
0.0000 0.0000 0.2955 0.2841 0.0000 0.0000 0.0114 0.3182 0.0909 0.0000 
0.0000 0.0000 0.1169 0.5584 0.0000 0.0000 0.0130 0.2338 0.0779 0.0000 
0.0000 0.0000 0.0182 0.6909 0.0000 0.0000 0.0545 0.2000 0.0364 0.0000 
0.0091 0.0000 0.1818 0.4000 0.0000 0.0000 0.0091 0.3909 0.0000 0.0091 
0.0000 0.0284 0.1136 0.5000 0.0000 0.0568 0.0398 0.1875 0.0739 0.0000 

14 28
0.0227 0.0000 0.3182 0.0000 0.5682 0.0000 0.0000 0.0000 0.0909 0.0000 
0.0471 0.0000 0.0909 0.0000 0.7744 0.0337 0.0000 0.0000 0.0202 0.0337 
0.0000 0.0000 0.2727 0.0000 0.7091 0.0182 0.0000 0.0000 0.0000 0.0000 
0.0000 0.0000 0.0083 0.0000 0.9587 0.0000 0.0000 0.0000 0.0248 0.0083 
0.0000 0.0000 0.0682 0.0000 0.5909 0.0909 0.0000 0.0000 0.1591 0.0909 
0.0568 0.0000 0.1136 0.0000 0.7159 0.0227 0.0000 0.0000 0.0909 0.0000 
0.1488 0.0000 0.2397 0.0000 0.4959 0.0661 0.0000 0.0000 0.0248 0.0248 
0.0000 0.0000 0.0051 0.1465 0.8131 0.0000 0.0000 0.0000 0.0000 0.0354 
0.0227 0.0000 0.1648 0.0000 0.7557 0.0284 0.0000 0.0000 0.0170 0.0114 
0.3909 0.0000 0.1000 0.0000 0.3818 0.0091 0.0000 0.0000 0.0000 0.1182 
0.0505 0.0000 0.0808 0.0000 0.8384 0.0000 0.0000 0.0000 0.0202 0.0101 
0.0000 0.0000 0.0455 0.0000 0.9091 0.0000 0.0000 0.0000 0.0303 0.0152 
0.0390 0.0000 0.1558 0.0000 0.7403 0.0000 0.0000 0.0000 0.0519 0.0130 
0.2424 0.0000 0.1515 0.0000 0.3333 0.0000 0.0000 0.0000 0.2727 0.0000 
0.0779 0.0000 0.0519 0.0649 0.7143 0.0649 0.0260 0.0000 0.0000 0.0000 
0.1818 0.0000 0.0839 0.0000 0.6434 0.0000 0.0000 0.0000 0.0839 0.0070 
0.1364 0.0000 0.1250 0.0000 0.6591 0.0114 0.0000 0.0000 0.0568 0.0114 
0.1688 0.0000 0.1688 0.0000 0.4805 0.0649 0.0000 0.0000 0.0779 0.0390 
0.0413 0.0000 0.0248 0.0000 0.8347 0.0083 0.0000 0.0000 0.0000 0.0909 
0.0000 0.0000 0.4091 0.0000 0.5682 0.0000 0.0000 0.0000 0.0227 0.0000 
0.4416 0.0000 0.1169 0.0000 0.2208 0.0779 0.0000 0.0000 0.1039 0.0390 
0.0390 0.0000 0.0519 0.0000 0.8442 0.0260 0.0390 0.0000 0.0000 0.0000 
0.0000 0.0000 0.0808 0.0000 0.8990 0.0000 0.0202 0.0000 0.0000 0.0000 
0.0000 0.0000 0.1515 0.1313 0.5253 0.0000 0.1717 0.0000 0.0101 0.0101 
0.0000 0.0000 0.0000 0.1591 0.6932 0.0341 0.0000 0.0000 0.0000 0.1136 
0.0808 0.0000 0.2525 0.0606 0.4343 0.0404 0.0000 0.0000 0.1111 0.0202 
0.0114 0.0000 0.2500 0.0227 0.6477 0.0000 0.0568 0.0000 0.0114 0.0000 
0.0210 0.0000 0.0909 0.0000 0.7133 0.0909 0.0000 0.0000 0.0000 0.0839 

15 33
0.0057 0.2216 0.0000 0.1875 0.0000 0.3239 0.1364 0.0511 0.0625 0.0114 
0.0000 0.3106 0.0000 0.1288 0.0000 0.2197 0.0000 0.1212 0.0152 0.2045 
0.0000 0.1364 0.0000 0.1742 0.0000 0.4167 0.0152 0.0379 0.1515 0.0682 
0.0000 0.2078 0.0000 0.1299 0.0000 0.4805 0.0519 0.1169 0.0130 0.0000 
0.0000 0.2500 0.0000 0.2121 0.0000 0.1136 0.1667 0.0909 0.1364 0.0303 
0.0000 0.2727 0.0000 0.1364 0.0000 0.2955 0.0000 0.2955 0.0000 0.0000 
0.0000 0.4545 0.0000 0.0130 0.0000 0.1948 0.0519 0.0000 0.0000 0.2857 
0.0227 0.6364 0.0000 0.1591 0.0000 0.1477 0.0227 0.0114 0.0000 0.0000 
0.0152 0.3333 0.0000 0.1061 0.0000 0.3182 0.1364 0.0000 0.0909 0.0000 
0.0625 0.1875 0.0000 0.2614 0.0000 0.1648 0.0227 0.0852 0.0852 0.1307 
0.0000 0.3523 0.0000 0.1364 0.0000 0.1023 0.1477 0.1136 0.1477 0.0000 
0.0000 0.1768 0.0000 0.1869 0.0000 0.1818 0.0707 0.3232 0.0556 0.0051 
0.0000 0.2222 0.0000 0.1515 0.0000 0.2929 0.1010 0.1515 0.0000 0.0808 
0.0000 0.0909 0.0000 0.3636 0.0000 0.3333 0.0606 0.0000 0.1212 0.0303 
0.0000 0.1753 0.0000 0.0000 0.0000 0.4286 0.0260 0.0000 0.3701 0.0000 
0.0000 0.2000 0.0000 0.1182 0.0000 0.1727 0.0818 0.2000 0.1818 0.0455 
0.0182 0.3636 0.0000 0.0364 0.0000 0.0182 0.0182 0.3273 0.0000 0.2182 
0.0000 0.2424 0.0000 0.3333 0.0000 0.0152 0.1667 0.0758 0.0000 0.1667 
0.0130 0.1753 0.0000 0.1753 0.0000 0.4091 0.1169 0.0714 0.0195 0.0195 
0.0000 0.3295 0.0000 0.2273 0.0000 0.1705 0.0227 0.0795 0.0000 0.1705 
0.0083 0.1405 0.0000 0.3388 0.0000 0.1240 0.1074 0.1405 0.0496 0.0909 
0.0000 0.0160 0.0000 0.1925 0.0000 0.2460 0.0481 0.1872 0.1016 0.2086 
0.0000 0.3485 0.0000 0.0455 0.0000 0.2121 0.0606 0.3333 0.0000 0.0000 
0.0000 0.0000 0.0000 0.0000 0.0000 0.0000 0.1667 0.1061 0.6667 0.0606 
0.0000 0.1010 0.0000 0.1111 0.0000 0.3434 0.1111 0.0404 0.0202 0.2727 
0.0182 0.1182 0.0000 0.1545 0.0000 0.3000 0.0364 0.1182 0.1364 0.1182 
0.0000 0.0350 0.0000 0.1119 0.0000 0.2797 0.0350 0.3147 0.0839 0.1399 
0.0636 0.0182 0.0000 0.0182 0.0000 0.0000 0.1182 0.0000 0.7818 0.0000 
0.0000 0.0182 0.0000 0.3636 0.0000 0.3273 0.0545 0.2000 0.0000 0.0364 
0.0000 0.6667 0.0000 0.1212 0.0000 0.1515 0.0000 0.0000 0.0000 0.0606 
0.0000 0.2273 0.0000 0.0303 0.0000 0.7424 0.0000 0.0000 0.0000 0.0000 
0.0152 0.3333 0.0000 0.1970 0.0000 0.3030 0.0000 0.1364 0.0000 0.0152 
0.0000 0.4298 0.0000 0.1736 0.0000 0.0661 0.0909 0.1074 0.0331 0.0992 

16 35
0.1169 0.1688 0.5455 0.0000 0.0000 0.1429 0.0260 0.0000 0.0000 0.0000 
0.0000 0.0000 0.8864 0.0455 0.0000 0.0000 0.0682 0.0000 0.0000 0.0000 
0.1894 0.0076 0.5455 0.0606 0.0000 0.0000 0.1818 0.0076 0.0000 0.0076 
0.0390 0.0000 0.8182 0.0000 0.0000 0.0000 0.0000 0.0000 0.0000 0.1429 
0.1299 0.0000 0.3766 0.1299 0.0000 0.1169 0.2468 0.0000 0.0000 0.0000 
0.0455 0.0000 0.6648 0.0057 0.0000 0.0227 0.1080 0.0227 0.0000 0.1307 
0.0682 0.0227 0.4318 0.0379 0.0000 0.1212 0.1364 0.0000 0.0000 0.1818 
0.0051 0.0101 0.8232 0.0000 0.0000 0.0051 0.0758 0.0000 0.0758 0.0051 
0.0909 0.0114 0.5114 0.2500 0.0000 0.0114 0.0682 0.0000 0.0000 0.0568 
0.0000 0.0000 0.7879 0.0000 0.0000 0.0000 0.0000 0.0000 0.1970 0.0152 
0.0795 0.0341 0.5227 0.0909 0.0000 0.1023 0.1591 0.0000 0.0000 0.0114 
0.0455 0.0182 0.6818 0.0727 0.0000 0.0455 0.1182 0.0182 0.0000 0.0000 
0.1364 0.0682 0.7045 0.0000 0.0000 0.0000 0.0909 0.0000 0.0000 0.0000 
0.2545 0.0000 0.6364 0.0727 0.0000 0.0364 0.0000 0.0000 0.0000 0.0000 
0.0341 0.0000 0.5682 0.1477 0.0000 0.0455 0.1250 0.0682 0.0114 0.0000 
0.0758 0.0000 0.3182 0.0000 0.0000 0.1061 0.5000 0.0000 0.0000 0.0000 
0.0545 0.0364 0.6545 0.0000 0.0000 0.0000 0.2545 0.0000 0.0000 0.0000 
0.0420 0.0140 0.6154 0.0280 0.0000 0.0280 0.2587 0.0000 0.0140 0.0000 
0.0758 0.0000 0.3788 0.0152 0.0152 0.0000 0.1970 0.0000 0.3030 0.0152 
0.0227 0.0114 0.5114 0.0909 0.0000 0.0114 0.3523 0.0000 0.0000 0.0000 
0.0779 0.0476 0.7100 0.0043 0.0000 0.0043 0.0952 0.0000 0.0563 0.0043 
0.0227 0.0966 0.5000 0.0398 0.0000 0.1023 0.1989 0.0170 0.0000 0.0227 
0.0000 0.0000 0.6667 0.0000 0.0000 0.0000 0.1667 0.0000 0.1667 0.0000 
0.1364 0.0000 0.5727 0.0182 0.0000 0.0091 0.2636 0.0000 0.0000 0.0000 
0.0413 0.0744 0.6281 0.0331 0.0000 0.0331 0.1570 0.0000 0.0000 0.0331 
0.1104 0.0519 0.2792 0.0130 0.0000 0.0260 0.4805 0.0000 0.0000 0.0390 
0.0303 0.0152 0.2273 0.0909 0.0000 0.0000 0.6364 0.0000 0.0000 0.0000 
0.0455 0.0000 0.4545 0.0909 0.0000 0.1364 0.0000 0.0000 0.0227 0.2500 
0.0000 0.0000 0.4141 0.0000 0.0000 0.0000 0.4242 0.0000 0.1616 0.0000 
0.1322 0.0000 0.6033 0.0000 0.0000 0.0083 0.2397 0.0000 0.0000 0.0165 
0.0909 0.0485 0.4485 0.0606 0.0000 0.0545 0.2848 0.0061 0.0000 0.0061 
0.1212 0.1212 0.2273 0.1061 0.0000 0.0455 0.3636 0.0152 0.0000 0.0000 
0.0420 0.0140 0.4895 0.1469 0.0000 0.1678 0.1259 0.0000 0.0000 0.0140 
0.0364 0.0182 0.6182 0.1636 0.0000 0.0909 0.0727 0.0000 0.0000 0.0000 
0.0000 0.0455 0.2500 0.4091 0.0000 0.0682 0.2273 0.0000 0.0000 0.0000 

17 47
0.0000 0.0667 0.0970 0.2848 0.0000 0.2909 0.0788 0.1273 0.0000 0.0545 
0.0000 0.0000 0.0000 0.1299 0.0000 0.4675 0.3117 0.0000 0.0000 0.0909 
0.0000 0.0000 0.0227 0.5455 0.0000 0.3636 0.0455 0.0000 0.0000 0.0227 
0.0000 0.0000 0.0165 0.1736 0.0000 0.5372 0.0331 0.0496 0.1818 0.0083 
0.0000 0.0140 0.0280 0.4895 0.0000 0.3007 0.1189 0.0490 0.0000 0.0000 
0.0091 0.0182 0.0364 0.2000 0.0000 0.3818 0.0818 0.1636 0.0091 0.1000 
0.0000 0.1212 0.0303 0.3838 0.0000 0.2727 0.1414 0.0404 0.0000 0.0101 
0.0000 0.0210 0.0769 0.2238 0.0000 0.3846 0.1259 0.0839 0.0769 0.0070 
0.0000 0.0000 0.0718 0.3349 0.0000 0.2679 0.1340 0.1579 0.0096 0.0239 
0.0303 0.0000 0.0606 0.2424 0.0000 0.1667 0.0455 0.1212 0.2273 0.1061 
0.2626 0.1717 0.0000 0.1818 0.0000 0.1717 0.0000 0.0101 0.1818 0.0202 
0.0000 0.0000 0.0505 0.4141 0.0000 0.2828 0.1919 0.0101 0.0000 0.0505 
0.0076 0.0379 0.0152 0.3561 0.0000 0.2803 0.0152 0.2727 0.0076 0.0076 
0.0000 0.0000 0.0000 0.7922 0.0000 0.0000 0.0000 0.0000 0.2078 0.0000 
0.0000 0.0000 0.0303 0.3485 0.0000 0.3636 0.0152 0.2424 0.0000 0.0000 
0.0000 0.0091 0.0273 0.4636 0.0000 0.3273 0.1091 0.0545 0.0091 0.0000 
0.0000 0.0000 0.0101 0.3434 0.0000 0.3131 0.1717 0.0505 0.0000 0.1111 
0.0000 0.1091 0.0182 0.1273 0.0000 0.4909 0.0909 0.0727 0.0909 0.0000 
0.0000 0.0057 0.0398 0.4318 0.0000 0.3352 0.0227 0.1534 0.0000 0.0114 
0.0091 0.0182 0.0182 0.1273 0.0000 0.3636 0.0455 0.3818 0.0000 0.0364 
0.0070 0.0000 0.0070 0.1329 0.0000 0.6503 0.0070 0.0140 0.1818 0.0000 
0.0000 0.2338 0.0130 0.3247 0.0000 0.3506 0.0649 0.0000 0.0000 0.0130 
0.0000 0.0000 0.0390 0.3117 0.0000 0.2468 0.0909 0.0000 0.1039 0.2078 
0.0000 0.0000 0.0227 0.5568 0.0000 0.2841 0.1023 0.0341 0.0000 0.0000 
0.0000 0.0000 0.0000 0.4646 0.0000 0.0303 0.0000 0.1414 0.3636 0.0000 
0.0000 0.0000 0.0000 0.0273 0.0000 0.8545 0.0000 0.0091 0.1091 0.0000 
0.0000 0.0682 0.1591 0.0000 0.0000 0.4545 0.0682 0.0000 0.0000 0.2500 
0.0000 0.0000 0.0364 0.3636 0.0000 0.3091 0.1455 0.1455 0.0000 0.0000 
0.0000 0.0707 0.0505 0.3131 0.0000 0.3030 0.0000 0.2626 0.0000 0.0000 
0.0000 0.0909 0.3030 0.0000 0.0000 0.3333 0.1212 0.1515 0.0000 0.0000 
0.1758 0.0000 0.0000 0.0303 0.0000 0.5394 0.0000 0.0121 0.2424 0.0000 
0.0000 0.0152 0.0000 0.3485 0.0000 0.2879 0.3333 0.0152 0.0000 0.0000 
0.1111 0.0000 0.0000 0.0101 0.0000 0.6970 0.0000 0.0000 0.1818 0.0000 
0.0000 0.1000 0.0636 0.3818 0.0000 0.3818 0.0545 0.0182 0.0000 0.0000 
0.1758 0.0061 0.0242 0.2424 0.0000 0.4545 0.0121 0.0788 0.0000 0.0061 
0.0202 0.0000 0.0000 0.0808 0.0000 0.5152 0.0909 0.2727 0.0202 0.0000 
0.0000 0.1000 0.0909 0.3273 0.0000 0.1545 0.2636 0.0000 0.0000 0.0636 
0.0227 0.0000 0.0152 0.2955 0.0000 0.1591 0.0530 0.4015 0.0455 0.0076 
0.0152 0.0000 0.0303 0.3030 0.0000 0.0379 0.1667 0.4470 0.0000 0.0000 
0.0000 0.0101 0.0505 0.2626 0.0000 0.2525 0.1818 0.1111 0.0000 0.1313 
0.0260 0.0000 0.0000 0.3247 0.0000 0.5844 0.0130 0.0390 0.0000 0.0130 
0.0000 0.0303 0.0000 0.4040 0.0000 0.2020 0.0000 0.3636 0.0000 0.0000 
0.0070 0.0140 0.0210 0.3427 0.0000 0.4545 0.0420 0.0070 0.0350 0.0769 
0.1545 0.0000 0.0000 0.0091 0.0000 0.7909 0.0000 0.0000 0.0455 0.0000 
0.0107 0.0053 0.1497 0.4492 0.0000 0.2834 0.0053 0.0963 0.0000 0.0000 
0.0057 0.0170 0.1250 0.2102 0.0000 0.2898 0.1193 0.1591 0.0000 0.0739 
0.0000 0.4091 0.0000 0.0227 0.0000 0.4318 0.0000 0.0000 0.1136 0.0227 

18 48
0.0152 0.0000 0.2727 0.0000 0.7121 0.0000 0.0000 0.0000 0.0000 0.0000 
0.1591 0.0000 0.5227 0.0000 0.0455 0.2045 0.0000 0.0227 0.0000 0.0455 
0.0000 0.0350 0.2378 0.0000 0.5734 0.1469 0.0000 0.0070 0.0000 0.0000 
0.0202 0.0000 0.4848 0.0000 0.0909 0.0303 0.0101 0.0000 0.0202 0.3434 
0.0000 0.1429 0.4935 0.0000 0.2987 0.0519 0.0000 0.0130 0.0000 0.0000 
0.0000 0.1667 0.5303 0.0000 0.2879 0.0152 0.0000 0.0000 0.0000 0.0000 
0.0000 0.0779 0.3247 0.0000 0.1039 0.3506 0.0000 0.1429 0.0000 0.0000 
0.0000 0.0404 0.0000 0.2323 0.0000 0.7273 0.0000 0.0000 0.0000 0.0000 
0.0588 0.0749 0.1497 0.3155 0.0428 0.3102 0.0000 0.0000 0.0053 0.0428 
0.0000 0.1534 0.0795 0.1023 0.0114 0.5852 0.0057 0.0000 0.0000 0.0625 
0.0000 0.2828 0.0101 0.1717 0.0101 0.5253 0.0000 0.0000 0.0000 0.0000 
0.0152 0.0909 0.0000 0.1667 0.0000 0.7273 0.0000 0.0000 0.0000 0.0000 
0.0657 0.2020 0.1818 0.0051 0.5051 0.0253 0.0000 0.0101 0.0000 0.0051 
0.0000 0.0455 0.5273 0.0000 0.3727 0.0455 0.0000 0.0091 0.0000 0.0000 
0.0606 0.0000 0.2727 0.0000 0.4242 0.0000 0.0909 0.0000 0.0000 0.1515 
