1 25
0.0000 0.0682 0.6818 0.0000 0.0000 0.1250 0.0000 0.0000 0.1250 0.0000 
0.0000 0.1909 0.2909 0.0000 0.0273 0.1182 0.0000 0.0091 0.2182 0.1455 
0.0000 0.5909 0.3117 0.0000 0.0000 0.0519 0.0000 0.0000 0.0455 0.0000 
0.0413 0.1570 0.3306 0.0000 0.0331 0.2479 0.0909 0.0083 0.0661 0.0248 
0.0000 0.1818 0.6061 0.0000 0.0000 0.0707 0.0000 0.0505 0.0808 0.0101 
0.0000 0.0303 0.1010 0.0000 0.6970 0.1111 0.0000 0.0000 0.0101 0.0505 
0.0000 0.4610 0.4416 0.0974 0.0000 0.0000 0.0000 0.0000 0.0000 0.0000 
0.0202 0.4343 0.2929 0.0101 0.0202 0.0303 0.0000 0.0101 0.1717 0.0101 
0.0000 0.3182 0.3727 0.0000 0.0000 0.0455 0.1273 0.0091 0.1000 0.0273 
0.0000 0.0545 0.4000 0.0000 0.0545 0.0000 0.0000 0.0000 0.4909 0.0000 
0.0000 0.1591 0.7045 0.0000 0.0000 0.0000 0.0000 0.0000 0.1250 0.0114 
0.0000 0.1558 0.5130 0.0000 0.0714 0.1039 0.0065 0.0130 0.1234 0.0130 
0.0000 0.2121 0.5758 0.0000 0.0000 0.0152 0.0000 0.0303 0.0000 0.1667 
0.0000 0.1061 0.4470 0.0000 0.1136 0.0909 0.0379 0.0000 0.0227 0.1818 
0.0530 0.1364 0.5379 0.0000 0.1212 0.0682 0.0379 0.0000 0.0303 0.0152 
0.0000 0.3545 0.6182 0.0000 0.0000 0.0000 0.0000 0.0000 0.0091 0.0182 
0.1104 0.2143 0.3701 0.0000 0.0065 0.0714 0.0584 0.0065 0.1299 0.0325 
0.1074 0.2397 0.2562 0.0000 0.0248 0.2149 0.0992 0.0331 0.0165 0.0083 
0.0000 0.0364 0.1182 0.0000 0.5818 0.1182 0.0000 0.0000 0.0091 0.1364 
0.0000 0.2386 0.4432 0.0000 0.0000 0.0909 0.1591 0.0000 0.0568 0.0114 
0.0000 0.3182 0.5455 0.0682 0.0000 0.0000 0.0000 0.0000 0.0682 0.0000 
0.2066 0.3388 0.1653 0.0496 0.0000 0.0496 0.1240 0.0083 0.0413 0.0165 
0.0000 0.0909 0.4727 0.0000 0.0364 0.1636 0.0364 0.0000 0.2000 0.0000 
0.0455 0.0455 0.4091 0.0000 0.0303 0.1212 0.0303 0.0000 0.0758 0.2424 
0.0000 0.1515 0.4040 0.0000 0.0303 0.2020 0.0000 0.0000 0.2020 0.0101 

2 29
0.0000 0.0714 0.3766 0.0000 0.0000 0.5390 0.0065 0.0000 0.0000 0.0065 
0.0985 0.0909 0.5530 0.0076 0.0000 0.2500 0.0000 0.0000 0.0000 0.0000 
0.0260 0.0000 0.1688 0.0000 0.0260 0.7662 0.0000 0.0000 0.0000 0.0130 
0.0649 0.0260 0.4156 0.0714 0.0000 0.3442 0.0779 0.0000 0.0000 0.0000 
0.0000 0.0000 0.4182 0.0000 0.0000 0.5818 0.0000 0.0000 0.0000 0.0000 
0.0000 0.0000 0.9221 0.0000 0.0000 0.0779 0.0000 0.0000 0.0000 0.0000 
0.0000 0.0979 0.5524 0.0000 0.0000 0.3077 0.0000 0.0000 0.0000 0.0420 
0.0000 0.0000 0.9909 0.0000 0.0000 0.0091 0.0000 0.0000 0.0000 0.0000 
0.0707 0.0000 0.5556 0.0000 0.0303 0.2828 0.0101 0.0404 0.0000 0.0101 
0.0000 0.0000 0.9930 0.0000 0.0000 0.0070 0.0000 0.0000 0.0000 0.0000 
0.0758 0.1515 0.2727 0.0000 0.0000 0.5000 0.0000 0.0000 0.0000 0.0000 
0.0000 0.0061 0.4848 0.0000 0.0000 0.4424 0.0000 0.0000 0.0000 0.0667 
0.0000 0.0076 0.7273 0.0000 0.0000 0.2500 0.0000 0.0000 0.0000 0.0152 
0.1299 0.1039 0.5130 0.0000 0.0000 0.1753 0.0584 0.0195 0.0000 0.0000 
0.0000 0.0000 0.6084 0.0000 0.2238 0.0000 0.0350 0.1329 0.0000 0.0000 
0.0000 0.1591 0.2500 0.0000 0.0227 0.2500 0.2500 0.0682 0.0000 0.0000 
0.0000 0.3333 0.3333 0.0000 0.0000 0.3030 0.0303 0.0000 0.0000 0.0000 
0.0000 0.0000 0.9886 0.0000 0.0000 0.0114 0.0000 0.0000 0.0000 0.0000 
0.0364 0.0727 0.5273 0.0000 0.0000 0.2636 0.0364 0.0000 0.0000 0.0636 
0.0101 0.0101 0.3636 0.0101 0.0000 0.5758 0.0101 0.0000 0.0000 0.0202 
0.0130 0.0130 0.7143 0.0130 0.0000 0.1948 0.0390 0.0000 0.0000 0.0130 
0.0057 0.0170 0.3125 0.0000 0.0739 0.3807 0.1648 0.0455 0.0000 0.0000 
0.0000 0.0280 0.5874 0.0000 0.0000 0.2867 0.0280 0.0000 0.0000 0.0699 
0.0000 0.0000 0.4318 0.0227 0.0000 0.5455 0.0000 0.0000 0.0000 0.0000 
0.0140 0.0769 0.4336 0.0000 0.0000 0.3846 0.0070 0.0000 0.0000 0.0839 
0.0091 0.0000 0.4182 0.0000 0.0000 0.4727 0.0000 0.0000 0.0000 0.1000 
0.1157 0.1074 0.2562 0.0000 0.0000 0.5207 0.0000 0.0000 0.0000 0.0000 
0.0114 0.1023 0.0682 0.0341 0.0114 0.7159 0.0227 0.0000 0.0000 0.0341 
0.0000 0.0000 0.4182 0.0000 0.0000 0.5818 0.0000 0.0000 0.0000 0.0000 

3 35
0.0000 0.1212 0.0000 0.7197 0.0152 0.0530 0.0909 0.0000 0.0000 0.0000 
0.0248 0.1570 0.0000 0.0083 0.0496 0.0579 0.2645 0.0000 0.2975 0.1405 
0.0000 0.1758 0.0000 0.0667 0.0545 0.0061 0.6303 0.0667 0.0000 0.0000 
0.0000 0.1591 0.0000 0.0227 0.0909 0.0000 0.7045 0.0000 0.0227 0.0000 
0.0101 0.0303 0.0000 0.0303 0.0808 0.2424 0.4242 0.1818 0.0000 0.0000 
0.0152 0.0909 0.0000 0.0455 0.5303 0.0152 0.1364 0.0758 0.0000 0.0909 
0.0404 0.2828 0.0000 0.0000 0.1212 0.0000 0.4141 0.1313 0.0101 0.0000 
0.0404 0.2525 0.0000 0.0505 0.1212 0.1212 0.3838 0.0202 0.0101 0.0000 
0.0000 0.2273 0.0000 0.0727 0.1364 0.1273 0.4182 0.0000 0.0182 0.0000 
0.0227 0.0000 0.2614 0.0000 0.5114 0.0000 0.0000 0.0000 0.0000 0.2045 
0.0182 0.2545 0.0000 0.0182 0.0364 0.1091 0.4364 0.0182 0.1091 0.0000 
0.0000 0.3030 0.0000 0.3333 0.0303 0.1818 0.0000 0.1212 0.0303 0.0000 
0.0260 0.0649 0.0000 0.0000 0.0390 0.0909 0.5714 0.1948 0.0130 0.0000 
0.0625 0.0966 0.0000 0.1023 0.1023 0.0227 0.5114 0.0909 0.0057 0.0057 
0.0076 0.0379 0.0379 0.1818 0.1288 0.0909 0.4242 0.0152 0.0682 0.0076 
0.0000 0.3766 0.0000 0.1039 0.0649 0.0779 0.3377 0.0390 0.0000 0.0000 
0.0000 0.0455 0.0000 0.0455 0.1818 0.0000 0.5455 0.1667 0.0152 0.0000 
0.0000 0.1250 0.1477 0.0114 0.3295 0.0000 0.2159 0.0000 0.0000 0.1705 
0.0000 0.0152 0.0000 0.0000 0.1818 0.0000 0.5606 0.0000 0.2121 0.0303 
0.0000 0.0795 0.0000 0.1591 0.0227 0.0455 0.6250 0.0682 0.0000 0.0000 
0.0000 0.0000 0.0000 0.0227 0.2273 0.0000 0.7500 0.0000 0.0000 0.0000 
0.0000 0.2727 0.0000 0.0227 0.0000 0.0682 0.6364 0.0000 0.0000 0.0000 
0.1818 0.2273 0.0000 0.0000 0.0303 0.0000 0.4848 0.0758 0.0000 0.0000 
0.0000 0.2857 0.0000 0.0000 0.0000 0.1169 0.5455 0.0390 0.0130 0.0000 
0.0273 0.0455 0.0000 0.0545 0.0818 0.0000 0.6182 0.1455 0.0273 0.0000 
0.0280 0.1958 0.0000 0.1748 0.0210 0.0839 0.4755 0.0210 0.0000 0.0000 
0.0000 0.1455 0.0000 0.0000 0.1273 0.0000 0.6909 0.0364 0.0000 0.0000 
0.0000 0.1091 0.0000 0.0273 0.0182 0.1636 0.6818 0.0000 0.0000 0.0000 
0.0182 0.0000 0.0000 0.9818 0.0000 0.0000 0.0000 0.0000 0.0000 0.0000 
0.0000 0.0000 0.0000 0.0227 0.1818 0.0568 0.6364 0.0568 0.0341 0.0114 
0.0248 0.1240 0.0000 0.0579 0.0579 0.1157 0.5124 0.0661 0.0413 0.0000 
0.0303 0.0000 0.0000 0.1212 0.1515 0.0000 0.6061 0.0303 0.0606 0.0000 
0.0000 0.0909 0.0000 0.0568 0.0682 0.2841 0.3750 0.1250 0.0000 0.0000 
0.1250 0.1023 0.0000 0.0227 0.0000 0.2159 0.5341 0.0000 0.0000 0.0000 
0.0000 0.0000 0.0000 0.0303 0.0909 0.0909 0.7273 0.0000 0.0606 0.0000 

4 30
0.5909 0.0303 0.0455 0.0000 0.0000 0.0000 0.1061 0.0909 0.0909 0.0455 
0.7902 0.1049 0.0000 0.0000 0.0000 0.0000 0.0210 0.0000 0.0699 0.0140 
0.7091 0.0000 0.0000 0.0000 0.2909 0.0000 0.0000 0.0000 0.0000 0.0000 
0.7483 0.0000 0.0000 0.0000 0.2517 0.0000 0.0000 0.0000 0.0000 0.0000 
0.6667 0.1364 0.0758 0.0000 0.0000 0.0000 0.0000 0.0000 0.0758 0.0455 
0.7521 0.0579 0.0165 0.0000 0.0000 0.0083 0.0165 0.0000 0.1240 0.0248 
0.6883 0.0519 0.0260 0.0000 0.0000 0.0000 0.0130 0.0000 0.2078 0.0130 
0.5909 0.1545 0.0364 0.0000 0.0000 0.0000 0.0364 0.0091 0.1273 0.0455 
0.7898 0.0000 0.0000 0.0000 0.0000 0.0795 0.1307 0.0000 0.0000 0.0000 
0.7159 0.0000 0.0000 0.0000 0.0000 0.0114 0.2500 0.0114 0.0114 0.0000 
1.0000 0.0000 0.0000 0.0000 0.0000 0.0000 0.0000 0.0000 0.0000 0.0000 
0.8333 0.0000 0.0000 0.0000 0.0000 0.0000 0.1667 0.0000 0.0000 0.0000 
0.4848 0.1061 0.0606 0.0000 0.0000 0.0000 0.0682 0.0303 0.2045 0.0455 
0.4182 0.1727 0.0636 0.0000 0.0000 0.0000 0.0636 0.1000 0.1455 0.0364 
0.6869 0.0707 0.1616 0.0000 0.0000 0.0000 0.0404 0.0202 0.0202 0.0000 
0.8312 0.0260 0.0000 0.0000 0.0000 0.0000 0.0000 0.0000 0.1429 0.0000 
0.5455 0.1818 0.0420 0.0000 0.0000 0.0000 0.0280 0.0350 0.0839 0.0839 
0.5372 0.1653 0.0083 0.0000 0.0000 0.0000 0.1240 0.0331 0.0331 0.0992 
0.7851 0.0000 0.0000 0.0000 0.0000 0.0579 0.0744 0.0413 0.0331 0.0083 
0.5041 0.0496 0.0083 0.0000 0.0000 0.1901 0.0579 0.1157 0.0579 0.0165 
0.5065 0.3247 0.0130 0.0000 0.0000 0.0000 0.0130 0.1429 0.0000 0.0000 
0.4659 0.1250 0.0909 0.0000 0.0000 0.0000 0.0682 0.0682 0.0682 0.1136 
0.9886 0.0114 0.0000 0.0000 0.0000 0.0000 0.0000 0.0000 0.0000 0.0000 
0.5455 0.2500 0.0152 0.0000 0.0000 0.0000 0.0000 0.0152 0.1212 0.0530 
0.5606 0.2121 0.0152 0.0000 0.0000 0.0000 0.0379 0.0303 0.1364 0.0076 
0.5974 0.0909 0.0000 0.0000 0.0000 0.0000 0.1429 0.0000 0.0649 0.1039 
0.9242 0.0455 0.0000 0.0000 0.0000 0.0000 0.0303 0.0000 0.0000 0.0000 
0.5657 0.0505 0.0404 0.0000 0.0000 0.0000 0.0808 0.0808 0.1212 0.0606 
0.5556 0.1313 0.1616 0.0000 0.0000 0.0101 0.0808 0.0000 0.0303 0.0303 
0.4805 0.1558 0.1688 0.0000 0.0000 0.0000 0.0000 0.0519 0.0649 0.0779 

5 25
0.1909 0.0091 0.0909 0.1636 0.0273 0.0000 0.4455 0.0182 0.0545 0.0000 
0.1322 0.0083 0.1074 0.2810 0.0083 0.0000 0.3140 0.0248 0.1240 0.0000 
0.2231 0.0000 0.0992 0.0661 0.0826 0.0000 0.4876 0.0248 0.0165 0.0000 
0.3364 0.0273 0.0818 0.0636 0.0909 0.0000 0.2273 0.0000 0.1727 0.0000 
0.0364 0.7818 0.0727 0.0000 0.0000 0.0000 0.0182 0.0000 0.0909 0.0000 
0.3896 0.0260 0.0260 0.2078 0.0000 0.0000 0.1818 0.0130 0.1558 0.0000 
0.1932 0.0341 0.1932 0.1477 0.0341 0.0000 0.2159 0.0568 0.1250 0.0000 
0.3232 0.0707 0.0909 0.0101 0.0000 0.0000 0.2626 0.0000 0.2424 0.0000 
0.4182 0.0182 0.0364 0.1091 0.0545 0.0000 0.3091 0.0000 0.0545 0.0000 
0.1558 0.0065 0.2078 0.2987 0.0455 0.0000 0.2727 0.0065 0.0065 0.0000 
0.1119 0.0140 0.0280 0.2797 0.0420 0.0000 0.4895 0.0000 0.0350 0.0000 
0.2000 0.0000 0.0545 0.2545 0.0364 0.0000 0.2545 0.0000 0.2000 0.0000 
0.3497 0.0140 0.0490 0.3706 0.0699 0.0000 0.0769 0.0000 0.0699 0.0000 
0.1818 0.0227 0.0114 0.2045 0.0341 0.0227 0.3409 0.0455 0.1364 0.0000 
0.4773 0.0000 0.0568 0.1364 0.0568 0.0114 0.1023 0.0682 0.0909 0.0000 
0.1818 0.4545 0.0260 0.1688 0.0000 0.0000 0.0000 0.0130 0.1558 0.0000 
0.1970 0.0076 0.0303 0.2121 0.0379 0.0000 0.3258 0.0152 0.1742 0.0000 
0.7045 0.2500 0.0000 0.0227 0.0000 0.0000 0.0227 0.0000 0.0000 0.0000 
0.1409 0.0000 0.0455 0.2909 0.0364 0.0000 0.4045 0.0409 0.0409 0.0000 
0.0779 0.1948 0.0649 0.0519 0.0000 0.0000 0.4156 0.0000 0.1948 0.0000 
0.1970 0.0000 0.0606 0.1515 0.0303 0.0000 0.3788 0.0606 0.1212 0.0000 
0.3147 0.0210 0.1189 0.2238 0.0140 0.0070 0.2727 0.0000 0.0280 0.0000 
0.0341 0.0000 0.1364 0.2273 0.2841 0.0000 0.1818 0.1250 0.0114 0.0000 
0.0519 0.0000 0.0519 0.1299 0.0519 0.1558 0.4935 0.0390 0.0260 0.0000 
0.0152 0.1667 0.0303 0.0606 0.2121 0.0000 0.5152 0.0000 0.0000 0.0000 

6 14
0.0045 0.0636 0.0000 0.0091 0.4364 0.2409 0.0273 0.1409 0.0091 0.0682 
0.0182 0.0545 0.0000 0.1182 0.3545 0.0455 0.1909 0.0727 0.0545 0.0909 
0.1414 0.0101 0.0000 0.0505 0.2323 0.2323 0.0707 0.0808 0.0404 0.1414 
0.0000 0.0260 0.0000 0.1688 0.2078 0.2078 0.0519 0.0649 0.0000 0.2727 
0.0000 0.0000 0.0000 0.0000 0.2955 0.1818 0.0455 0.3636 0.0227 0.0909 
0.0000 0.0699 0.0000 0.0769 0.3986 0.1119 0.0350 0.1678 0.0140 0.1259 
0.0227 0.0530 0.0000 0.2955 0.2727 0.1894 0.0076 0.1212 0.0076 0.0303 
0.0140 0.0350 0.0000 0.0559 0.5035 0.0140 0.0979 0.1818 0.0140 0.0839 
0.8485 0.0000 0.0000 0.0303 0.0303 0.0000 0.0303 0.0606 0.0000 0.0000 
0.1157 0.0331 0.0000 0.0661 0.3140 0.0992 0.0909 0.1570 0.0331 0.0909 
0.0413 0.0826 0.0000 0.0165 0.5372 0.1570 0.0331 0.0496 0.0083 0.0744 
0.0000 0.0455 0.0000 0.0909 0.5227 0.1439 0.0076 0.0985 0.0000 0.0909 
0.0000 0.0000 0.0000 0.0000 0.4182 0.2909 0.0727 0.1091 0.0545 0.0545 
0.0000 0.1061 0.0000 0.0909 0.2727 0.2576 0.1970 0.0000 0.0303 0.0455 

7 36
0.0000 0.0000 0.2000 0.0000 0.4727 0.1455 0.0364 0.0000 0.0091 0.1364 
0.0083 0.0248 0.1074 0.0000 0.2810 0.2397 0.0909 0.0000 0.0661 0.1818 
0.2208 0.1818 0.0130 0.0000 0.2727 0.0000 0.0779 0.2208 0.0130 0.0000 
0.0000 0.0000 0.3333 0.0000 0.3030 0.1667 0.0152 0.0000 0.0000 0.1818 
0.0000 0.0000 0.0000 0.0000 0.5758 0.3333 0.0000 0.0000 0.0000 0.0909 
0.0000 0.1250 0.0682 0.0114 0.3636 0.0909 0.0000 0.1818 0.0341 0.1250 
0.0000 0.0000 0.0152 0.0000 0.3333 0.0985 0.0833 0.0379 0.0530 0.3788 
0.0000 0.0000 0.0341 0.0000 0.7045 0.0000 0.0341 0.0000 0.0000 0.2273 
0.0000 0.0227 0.0000 0.0000 0.7045 0.0000 0.0000 0.2500 0.0000 0.0227 
0.0000 0.0000 0.2727 0.0000 0.3636 0.2045 0.0227 0.0000 0.0909 0.0455 
0.0758 0.0152 0.0000 0.0303 0.3182 0.0758 0.0152 0.0606 0.0606 0.3485 
0.0000 0.0000 0.0000 0.0000 0.2000 0.0000 0.0000 0.7818 0.0000 0.0182 
0.0000 0.0909 0.2045 0.0000 0.3409 0.0227 0.0000 0.0000 0.0000 0.3409 
0.0000 0.0682 0.0682 0.0000 0.0000 0.4091 0.0909 0.0000 0.1818 0.1818 
0.0000 0.0000 0.0227 0.0000 0.7045 0.0000 0.0682 0.0000 0.0000 0.2045 
0.0000 0.0909 0.0000 0.0227 0.2500 0.2500 0.1591 0.0000 0.0227 0.2045 
0.0000 0.0303 0.0606 0.0000 0.7576 0.0758 0.0455 0.0152 0.0152 0.0000 
0.0000 0.1273 0.0000 0.0000 0.2000 0.2000 0.0000 0.4000 0.0000 0.0727 
0.0000 0.0455 0.0114 0.0000 0.5000 0.0341 0.1364 0.1136 0.0000 0.1591 
0.0000 0.0182 0.0364 0.0182 0.5091 0.2182 0.0909 0.0727 0.0000 0.0364 
0.0000 0.0000 0.0000 0.0000 0.4242 0.2121 0.0000 0.3182 0.0152 0.0303 
0.0000 0.0455 0.0000 0.0000 0.6818 0.2500 0.0000 0.0227 0.0000 0.0000 
0.0000 0.2045 0.0000 0.0000 0.4318 0.0000 0.0000 0.0000 0.0000 0.3636 
0.0000 0.0227 0.2500 0.0000 0.5227 0.0000 0.0227 0.0000 0.0455 0.1364 
0.0000 0.1667 0.3788 0.0000 0.3333 0.0000 0.0152 0.1061 0.0000 0.0000 
0.0000 0.0364 0.2000 0.0000 0.4000 0.0727 0.0909 0.0000 0.0364 0.1636 
0.0130 0.0390 0.2338 0.0000 0.5584 0.0000 0.0000 0.0519 0.0000 0.1039 
0.0000 0.0649 0.0000 0.0000 0.7662 0.0519 0.0390 0.0130 0.0130 0.0519 
0.0000 0.0130 0.1948 0.2857 0.2208 0.0649 0.0779 0.0000 0.0649 0.0779 
0.0000 0.0000 0.3409 0.0000 0.5000 0.0000 0.0000 0.0000 0.0000 0.1591 
0.0000 0.3333 0.0000 0.0000 0.0000 0.0000 0.0000 0.0000 0.0000 0.6667 
0.0727 0.0182 0.0182 0.0000 0.5636 0.0000 0.1455 0.0000 0.0000 0.1818 
0.0000 0.0000 0.0000 0.6667 0.3333 0.0000 0.0000 0.0000 0.0000 0.0000 
0.0000 0.0000 0.1091 0.0727 0.3818 0.1182 0.2000 0.0818 0.0364 0.0000 
0.0000 0.0000 0.0455 0.0152 0.6061 0.0303 0.0000 0.1212 0.0758 0.1061 
0.0130 0.0000 0.0779 0.0000 0.3896 0.2468 0.0000 0.1688 0.0779 0.0260 

8 64
0.0273 0.0000 0.0636 0.0000 0.2000 0.2909 0.0364 0.3636 0.0182 0.0000 
0.0000 0.0000 0.0130 0.0000 0.1429 0.3636 0.1299 0.2857 0.0260 0.0390 
0.0000 0.0000 0.1364 0.0795 0.1023 0.1705 0.1023 0.3750 0.0341 0.0000 
0.0260 0.0000 0.0455 0.0130 0.2987 0.0844 0.0649 0.4351 0.0130 0.0195 
0.0202 0.0000 0.0455 0.0505 0.0859 0.0000 0.1667 0.4949 0.0657 0.0707 
0.0182 0.0000 0.0000 0.0000 0.7818 0.0000 0.0000 0.2000 0.0000 0.0000 
0.0000 0.0101 0.0303 0.0000 0.2071 0.0960 0.1263 0.4242 0.0455 0.0606 
0.0788 0.0000 0.0727 0.0121 0.3697 0.1212 0.1758 0.1636 0.0000 0.0061 
0.0505 0.0000 0.0673 0.0539 0.2795 0.0741 0.1044 0.2862 0.0269 0.0572 
0.1299 0.0000 0.0584 0.0390 0.1818 0.0519 0.1753 0.3247 0.0130 0.0260 
0.3030 0.0909 0.1717 0.0657 0.0253 0.0000 0.3434 0.0000 0.0000 0.0000 
0.1653 0.0083 0.1074 0.0992 0.2645 0.0083 0.1488 0.1736 0.0083 0.0165 
0.3471 0.1488 0.0248 0.0248 0.0248 0.0000 0.3140 0.0165 0.0992 0.0000 
0.0130 0.0000 0.1299 0.0130 0.2208 0.0519 0.1169 0.4545 0.0000 0.0000 
0.0065 0.0000 0.0519 0.0195 0.2338 0.0584 0.0390 0.4221 0.0909 0.0779 
0.0158 0.0000 0.0988 0.0277 0.2411 0.0356 0.1304 0.3874 0.0119 0.0514 
0.0379 0.0000 0.0606 0.0000 0.2348 0.0303 0.0152 0.4545 0.1364 0.0303 
0.0000 0.0000 0.5455 0.0000 0.0303 0.0303 0.3333 0.0606 0.0000 0.0000 
0.0114 0.0000 0.0909 0.0341 0.3409 0.0000 0.0455 0.4773 0.0000 0.0000 
0.0350 0.0000 0.1119 0.0629 0.2657 0.1329 0.0280 0.2517 0.0210 0.0909 
0.1818 0.0227 0.0455 0.0227 0.3182 0.0227 0.2273 0.1591 0.0000 0.0000 
0.0496 0.0000 0.0744 0.0661 0.2810 0.0083 0.0496 0.3719 0.0083 0.0909 
0.0202 0.0000 0.0101 0.0000 0.2020 0.0202 0.0404 0.7071 0.0000 0.0000 
0.0202 0.0000 0.0859 0.0202 0.2980 0.0556 0.0960 0.3838 0.0202 0.0202 
0.0545 0.0000 0.0091 0.0455 0.0455 0.1818 0.1455 0.5091 0.0000 0.0091 
0.0287 0.0000 0.0478 0.0096 0.1722 0.0383 0.1770 0.4976 0.0144 0.0144 
0.0661 0.0041 0.1570 0.0124 0.0620 0.1157 0.1529 0.3140 0.0950 0.0207 
0.0000 0.0000 0.1818 0.0303 0.1515 0.0909 0.0606 0.3939 0.0909 0.0000 
0.0866 0.0433 0.2814 0.0563 0.0996 0.0346 0.1688 0.1515 0.0173 0.0606 
0.0909 0.0000 0.6061 0.0000 0.0000 0.0000 0.0606 0.2121 0.0303 0.0000 
0.3140 0.0083 0.0826 0.0000 0.1157 0.0000 0.4215 0.0496 0.0000 0.0083 
0.4141 0.0505 0.1313 0.0101 0.0101 0.0000 0.3838 0.0000 0.0000 0.0000 
0.0000 0.0000 0.2500 0.0000 0.0227 0.0227 0.5909 0.1136 0.0000 0.0000 
0.0707 0.0000 0.2020 0.0202 0.3535 0.0000 0.1414 0.2020 0.0000 0.0101 
0.2727 0.2246 0.1551 0.0053 0.0107 0.0000 0.3262 0.0053 0.0000 0.0000 
0.4848 0.0303 0.1667 0.0000 0.0000 0.0000 0.3182 0.0000 0.0000 0.0000 
0.0970 0.0061 0.0848 0.0303 0.1455 0.0545 0.2000 0.3152 0.0606 0.0061 
0.0000 0.0000 0.0083 0.0083 0.1736 0.0083 0.2397 0.5372 0.0083 0.0165 
0.0227 0.0000 0.0000 0.0000 0.2727 0.1591 0.1591 0.3182 0.0000 0.0682 
0.0303 0.0000 0.0758 0.0152 0.1894 0.1439 0.1439 0.3561 0.0455 0.0000 
0.0455 0.0000 0.2955 0.0152 0.0833 0.0758 0.1818 0.2955 0.0000 0.0076 
0.0152 0.0000 0.0152 0.0152 0.2727 0.0000 0.1212 0.5455 0.0000 0.0152 
0.0808 0.0000 0.1414 0.0000 0.1515 0.0000 0.1818 0.4444 0.0000 0.0000 
0.0152 0.0000 0.0000 0.0000 0.2273 0.0455 0.0606 0.6061 0.0152 0.0303 
0.0091 0.0000 0.0182 0.0000 0.1545 0.0364 0.1000 0.6364 0.0182 0.0273 
0.0227 0.0000 0.0682 0.0000 0.3182 0.0909 0.0682 0.4318 0.0000 0.0000 
0.0114 0.0000 0.0492 0.0152 0.2765 0.1288 0.1098 0.3523 0.0038 0.0530 
0.0130 0.0000 0.1558 0.0260 0.0519 0.0000 0.1688 0.4286 0.1558 0.0000 
0.0273 0.0000 0.0727 0.0273 0.0273 0.1000 0.1818 0.5364 0.0273 0.0000 
0.0227 0.0000 0.1212 0.0833 0.2803 0.0833 0.2197 0.1742 0.0152 0.0000 
0.0404 0.0000 0.3131 0.0202 0.1010 0.0000 0.1616 0.2828 0.0505 0.0303 
0.1364 0.1667 0.1212 0.1667 0.0000 0.0000 0.0758 0.2879 0.0000 0.0455 
0.0335 0.0000 0.0861 0.0048 0.2201 0.0144 0.0766 0.5263 0.0383 0.0000 
0.0000 0.0000 0.0000 0.0000 0.2013 0.0519 0.5974 0.1494 0.0000 0.0000 
0.0844 0.0065 0.1234 0.0195 0.1104 0.0000 0.1623 0.4675 0.0065 0.0195 
0.0505 0.0000 0.0909 0.0404 0.2222 0.0000 0.1818 0.3232 0.0303 0.0606 
0.1227 0.1045 0.0455 0.0000 0.2682 0.0136 0.3682 0.0591 0.0045 0.0136 
0.1515 0.0000 0.0000 0.0758 0.0758 0.0909 0.1364 0.3636 0.0000 0.1061 
0.1212 0.0000 0.1212 0.0000 0.1212 0.0000 0.3333 0.0000 0.0606 0.2424 
0.0273 0.0000 0.0000 0.0000 0.2273 0.0455 0.0182 0.6818 0.0000 0.0000 
0.0682 0.0000 0.0303 0.0076 0.2576 0.3788 0.0152 0.2348 0.0000 0.0076 
0.0000 0.0000 0.0000 0.0000 0.3701 0.4416 0.0000 0.1883 0.0000 0.0000 
0.0364 0.0000 0.0545 0.0000 0.0000 0.0000 0.2364 0.6727 0.0000 0.0000 
0.0130 0.0000 0.0519 0.0000 0.3636 0.0909 0.1429 0.2468 0.0130 0.0779 

9 26
0.0992 0.0248 0.0000 0.3306 0.0000 0.0000 0.1240 0.3719 0.0000 0.0496 
0.0170 0.0114 0.0966 0.2330 0.4261 0.0057 0.0455 0.0852 0.0057 0.0739 
0.0227 0.0379 0.0530 0.5985 0.0000 0.0000 0.0379 0.1818 0.0000 0.0682 
0.0076 0.0227 0.1288 0.4621 0.0227 0.0000 0.0682 0.2121 0.0000 0.0758 
0.0000 0.0070 0.1259 0.3986 0.0000 0.0000 0.0280 0.3776 0.0000 0.0629 
0.0000 0.0000 0.0000 0.2545 0.0000 0.0000 0.2364 0.3273 0.0000 0.1818 
0.0000 0.0114 0.0682 0.4773 0.0000 0.0000 0.0114 0.3068 0.0000 0.1250 
0.0000 0.0202 0.1010 0.5051 0.0000 0.0000 0.0101 0.2626 0.0000 0.1010 
0.0101 0.0202 0.1515 0.5606 0.0000 0.0000 0.0202 0.1010 0.0051 0.1313 
0.0000 0.0909 0.1136 0.3295 0.0000 0.0000 0.0795 0.2386 0.0000 0.1477 
0.0165 0.1074 0.1488 0.2231 0.0000 0.0000 0.0248 0.4628 0.0000 0.0165 
0.0273 0.1273 0.0727 0.2000 0.0000 0.0000 0.0000 0.4636 0.0000 0.1091 
0.0114 0.0568 0.0000 0.1932 0.0000 0.0000 0.0000 0.6705 0.0000 0.0682 
0.0606 0.0000 0.0000 0.1667 0.0000 0.0000 0.0909 0.4545 0.0758 0.1515 
0.0000 0.1591 0.0227 0.3409 0.0000 0.0000 0.0114 0.4205 0.0000 0.0455 
0.0000 0.0000 0.0152 0.3485 0.0000 0.0000 0.1667 0.4545 0.0000 0.0152 
0.0061 0.0970 0.1091 0.2970 0.0000 0.0000 0.0182 0.3636 0.0000 0.1091 
0.0070 0.0769 0.0839 0.2937 0.0000 0.0000 0.1329 0.3427 0.0000 0.0629 
0.0000 0.0101 0.4545 0.3030 0.0000 0.0000 0.0000 0.1616 0.0000 0.0707 
0.0000 0.0000 0.0455 0.5000 0.0000 0.0000 0.1061 0.3333 0.0000 0.0152 
0.0526 0.0335 0.1148 0.3493 0.0000 0.0000 0.0670 0.2871 0.0000 0.0957 
0.0303 0.0606 0.0606 0.2424 0.0909 0.0000 0.0303 0.3333 0.0000 0.1515 
0.8485 0.0303 0.0000 0.0000 0.0606 0.0000 0.0606 0.0000 0.0000 0.0000 
0.0000 0.0455 0.1364 0.0818 0.0000 0.0000 0.1364 0.5545 0.0000 0.0455 
0.0114 0.1250 0.0398 0.3920 0.0000 0.0057 0.0057 0.3125 0.0000 0.1080 
0.0140 0.0000 0.1608 0.5035 0.0000 0.0000 0.0280 0.1538 0.0000 0.1399 

10 11
0.0000 0.0000 0.0000 0.1039 0.3117 0.1299 0.0130 0.1429 0.2857 0.0130 
0.0000 0.1333 0.0000 0.2485 0.1273 0.0606 0.0000 0.1212 0.2424 0.0667 
0.0000 0.0000 0.0000 0.3409 0.4318 0.0455 0.0000 0.1591 0.0227 0.0000 
0.0000 0.0000 0.0000 0.3091 0.3364 0.1273 0.0000 0.1545 0.0727 0.0000 
0.0000 0.0000 0.0000 0.1576 0.4242 0.0606 0.0000 0.2727 0.0848 0.0000 
0.0000 0.0070 0.0000 0.1469 0.3147 0.1259 0.0000 0.2727 0.1119 0.0210 
0.0000 0.0000 0.0000 0.0568 0.2273 0.1136 0.0000 0.2386 0.3523 0.0114 
0.0000 0.0000 0.0000 0.1429 0.1688 0.0519 0.0000 0.3636 0.2727 0.0000 
0.0000 0.0000 0.0000 0.3333 0.1919 0.0808 0.0000 0.2929 0.1010 0.0000 
0.0045 0.0000 0.0000 0.2636 0.3545 0.0136 0.0136 0.3000 0.0500 0.0000 
0.0000 0.0000 0.0000 0.3377 0.2987 0.0909 0.0000 0.1818 0.0909 0.0000 

11 32
0.0000 0.0727 0.0909 0.3818 0.0000 0.2182 0.0000 0.0000 0.2182 0.0182 
0.0000 0.1091 0.0636 0.1091 0.1091 0.2909 0.0091 0.0182 0.2182 0.0727 
0.0000 0.0331 0.0496 0.0744 0.0909 0.3223 0.0000 0.1983 0.1901 0.0413 
0.0000 0.1414 0.0303 0.2929 0.1414 0.1414 0.0000 0.0101 0.1919 0.0505 
0.0000 0.0000 0.0260 0.4416 0.0519 0.3117 0.0000 0.0000 0.0779 0.0909 
0.0000 0.1636 0.0909 0.0545 0.2182 0.1818 0.0364 0.0364 0.0000 0.2182 
0.0000 0.1364 0.1545 0.0818 0.0455 0.2273 0.1000 0.0000 0.1909 0.0636 
0.0000 0.1313 0.0808 0.0909 0.0303 0.4646 0.0000 0.0808 0.1212 0.0000 
0.0000 0.1322 0.0248 0.1074 0.0165 0.2727 0.0000 0.2645 0.1405 0.0413 
0.0000 0.0202 0.1010 0.2525 0.0404 0.1414 0.0000 0.0404 0.3131 0.0909 
0.0000 0.0000 0.2545 0.1636 0.0909 0.2182 0.0909 0.0364 0.0182 0.1273 
0.0000 0.0000 0.0182 0.2545 0.2727 0.2000 0.0364 0.0273 0.1364 0.0545 
0.0000 0.0202 0.0707 0.2323 0.0505 0.1818 0.0707 0.0303 0.2323 0.1111 
0.0000 0.0379 0.1515 0.2727 0.0379 0.2424 0.1061 0.0758 0.0530 0.0227 
0.0000 0.0000 0.1515 0.1313 0.0808 0.3838 0.0101 0.0707 0.1010 0.0707 
0.0000 0.0455 0.0000 0.0909 0.0795 0.3409 0.0682 0.0227 0.3409 0.0114 
0.0091 0.1636 0.0364 0.0182 0.0000 0.2818 0.0000 0.2091 0.1545 0.1273 
0.0000 0.0519 0.0130 0.2208 0.0909 0.0779 0.0260 0.2208 0.1429 0.1558 
0.0000 0.1136 0.0000 0.0455 0.0000 0.2500 0.0000 0.5000 0.0909 0.0000 
0.0000 0.0227 0.0114 0.1136 0.0455 0.2386 0.1364 0.1591 0.2045 0.0682 
0.0000 0.0114 0.0341 0.3182 0.0568 0.2159 0.0000 0.0909 0.2386 0.0341 
0.0000 0.0649 0.1688 0.0390 0.0000 0.2727 0.0000 0.0909 0.3636 0.0000 
0.0000 0.0455 0.0091 0.1909 0.1364 0.2636 0.0545 0.0455 0.1455 0.1091 
0.0000 0.0000 0.0000 0.0000 0.0000 0.4909 0.0000 0.5091 0.0000 0.0000 
0.0000 0.1429 0.0519 0.0519 0.0390 0.1948 0.0909 0.0909 0.3117 0.0260 
0.0000 0.0000 0.0000 0.0000 0.1429 0.3636 0.1429 0.0130 0.0519 0.2857 
0.0000 0.0364 0.0000 0.3455 0.0182 0.0000 0.0000 0.0909 0.1818 0.3273 
0.0000 0.0000 0.0364 0.9091 0.0000 0.0000 0.0000 0.0000 0.0364 0.0182 
0.0000 0.0000 0.1667 0.2727 0.1212 0.1212 0.1970 0.0152 0.0000 0.1061 
0.0076 0.0379 0.0682 0.3030 0.1591 0.1439 0.0076 0.0455 0.1894 0.0379 
0.0000 0.0649 0.0260 0.2727 0.0779 0.2338 0.0390 0.0130 0.1299 0.1429 
0.0000 0.0455 0.0909 0.2364 0.0364 0.0727 0.0273 0.0455 0.2455 0.2000 

12 30
0.0000 0.0455 0.0000 0.2273 0.0000 0.4318 0.0000 0.0682 0.2273 0.0000 
0.3333 0.0000 0.0000 0.1667 0.0758 0.1667 0.0000 0.0000 0.0909 0.1667 
0.0000 0.1169 0.0000 0.3247 0.0909 0.2857 0.0000 0.0000 0.1688 0.0130 
0.1576 0.0182 0.0000 0.4000 0.0121 0.1152 0.2303 0.0061 0.0121 0.0485 
0.1477 0.0341 0.0000 0.2273 0.4091 0.1250 0.0000 0.0114 0.0114 0.0341 
0.1818 0.0331 0.0248 0.3554 0.0331 0.2893 0.0248 0.0165 0.0413 0.0000 
0.0152 0.1667 0.0000 0.3788 0.1818 0.0152 0.0000 0.0152 0.1970 0.0303 
0.0182 0.1758 0.0000 0.3818 0.1455 0.1030 0.0000 0.0000 0.1394 0.0364 
0.1818 0.0000 0.0000 0.1688 0.1429 0.1818 0.0000 0.0000 0.1558 0.1688 
0.0000 0.0000 0.0182 0.9818 0.0000 0.0000 0.0000 0.0000 0.0000 0.0000 
0.2121 0.0303 0.0303 0.3030 0.0000 0.0455 0.2121 0.0000 0.0152 0.1515 
0.1169 0.0779 0.0000 0.4286 0.0390 0.1948 0.0779 0.0000 0.0519 0.0130 
0.0227 0.1250 0.0000 0.3523 0.1477 0.2386 0.0000 0.0000 0.0000 0.1136 
0.0505 0.0909 0.0000 0.3535 0.1515 0.1515 0.1717 0.0101 0.0101 0.0101 
0.0649 0.0130 0.0260 0.5714 0.0390 0.0649 0.0000 0.0130 0.1948 0.0130 
0.1212 0.1111 0.0000 0.2121 0.0707 0.3232 0.0101 0.0101 0.0404 0.1010 
0.0341 0.0114 0.0000 0.3750 0.1932 0.1591 0.0000 0.0114 0.1705 0.0455 
0.1515 0.0101 0.0000 0.2727 0.1919 0.1212 0.0000 0.0000 0.1111 0.1414 
0.0909 0.0000 0.0000 0.4876 0.0496 0.2314 0.0000 0.0000 0.1240 0.0165 
0.0000 0.0428 0.0053 0.2674 0.0588 0.3102 0.0000 0.0000 0.2460 0.0695 
0.4298 0.0000 0.0000 0.3471 0.0000 0.0083 0.2149 0.0000 0.0000 0.0000 
0.0000 0.0545 0.0000 0.3909 0.1727 0.3273 0.0000 0.0000 0.0545 0.0000 
0.1488 0.0909 0.0000 0.3306 0.1405 0.0992 0.0000 0.0000 0.1405 0.0496 
0.2545 0.0000 0.0000 0.0909 0.0000 0.0000 0.6182 0.0182 0.0000 0.0182 
0.0182 0.2545 0.0000 0.1636 0.4182 0.0000 0.0364 0.0182 0.0545 0.0364 
0.0992 0.1736 0.0000 0.2645 0.2397 0.1570 0.0000 0.0165 0.0165 0.0331 
0.0404 0.0000 0.0000 0.0000 0.2020 0.1212 0.0101 0.2525 0.2121 0.1616 
0.0083 0.0413 0.0000 0.3388 0.3554 0.0083 0.0000 0.0248 0.1488 0.0744 
0.1818 0.0000 0.0000 0.1558 0.0519 0.0519 0.0000 0.0000 0.2727 0.2857 
0.0182 0.0182 0.0364 0.1091 0.1273 0.0727 0.0000 0.4364 0.1818 0.0000 

13 29
0.0303 0.0000 0.0303 0.0848 0.3152 0.5212 0.0121 0.0000 0.0000 0.0061 
0.0568 0.0000 0.0909 0.0114 0.3295 0.3977 0.0909 0.0000 0.0000 0.0227 
0.0000 0.0000 0.0000 0.2000 0.6000 0.1455 0.0545 0.0000 0.0000 0.0000 
0.0000 0.0000 0.0000 0.0000 0.4205 0.5625 0.0114 0.0000 0.0057 0.0000 
0.0000 0.0000 0.0000 0.0130 0.1515 0.7229 0.0000 0.0000 0.0519 0.0606 
0.0000 0.0000 0.0000 0.0000 0.2455 0.7091 0.0091 0.0000 0.0273 0.0091 
0.0000 0.3377 0.0000 0.0000 0.5195 0.0779 0.0649 0.0000 0.0000 0.0000 
0.0130 0.0000 0.0130 0.1299 0.6364 0.1429 0.0519 0.0000 0.0130 0.0000 
0.1136 0.0000 0.0076 0.0985 0.4394 0.2500 0.0833 0.0000 0.0000 0.0076 
0.0000 0.0000 0.0000 0.0000 0.6477 0.0000 0.0000 0.0000 0.0568 0.2955 
0.0273 0.0000 0.0364 0.0000 0.1818 0.5182 0.2364 0.0000 0.0000 0.0000 
0.0404 0.0000 0.0202 0.0404 0.4646 0.3030 0.1212 0.0000 0.0101 0.0000 
0.0000 0.1667 0.0000 0.0758 0.5909 0.0152 0.1515 0.0000 0.0000 0.0000 
0.0000 0.0000 0.0182 0.0727 0.5273 0.1273 0.1818 0.0727 0.0000 0.0000 
0.0960 0.0000 0.0253 0.0253 0.6010 0.2273 0.0202 0.0000 0.0051 0.0000 
0.0101 0.0707 0.0000 0.0606 0.7071 0.0707 0.0606 0.0000 0.0101 0.0101 
0.0661 0.0000 0.0496 0.0868 0.2851 0.4050 0.0992 0.0000 0.0000 0.0083 
0.0455 0.0909 0.0152 0.0152 0.6970 0.0076 0.0985 0.0000 0.0303 0.0000 
0.0000 0.2857 0.0000 0.0000 0.6883 0.0000 0.0260 0.0000 0.0000 0.0000 
0.0303 0.0000 0.0303 0.1515 0.4545 0.2424 0.0909 0.0000 0.0000 0.0000 
0.0207 0.0000 0.0083 0.0744 0.5165 0.0702 0.1198 0.0000 0.0331 0.1570 
0.0202 0.2020 0.0101 0.0404 0.3636 0.1919 0.1616 0.0000 0.0101 0.0000 
0.0424 0.0000 0.0121 0.0485 0.2788 0.3758 0.2424 0.0000 0.0000 0.0000 
0.0227 0.0000 0.0227 0.1364 0.4205 0.2386 0.1591 0.0000 0.0000 0.0000 
0.0321 0.1176 0.0000 0.0374 0.7005 0.0000 0.1070 0.0000 0.0053 0.0000 
0.0398 0.0000 0.0114 0.0341 0.5795 0.2045 0.1136 0.0000 0.0114 0.0057 
0.0000 0.2955 0.0227 0.0000 0.4773 0.0455 0.1364 0.0000 0.0227 0.0000 
0.0000 0.0000 0.0000 0.0455 0.3636 0.1364 0.4545 0.0000 0.0000 0.0000 
0.0000 0.0000 0.0000 0.0909 0.2121 0.1515 0.5455 0.0000 0.0000 0.0000 

14 26
0.0000 0.0000 0.0000 0.3333 0.4848 0.0000 0.1818 0.0000 0.0000 0.0000 
0.0364 0.0000 0.0000 0.4364 0.0000 0.0000 0.0545 0.0000 0.0000 0.4727 
0.0682 0.0076 0.1136 0.2955 0.0682 0.0455 0.0152 0.0000 0.0000 0.3864 
0.1091 0.0000 0.0000 0.2818 0.0273 0.0000 0.0000 0.0000 0.0000 0.5818 
0.0000 0.0152 0.0455 0.5000 0.0000 0.0758 0.0455 0.0000 0.0000 0.3182 
0.0087 0.0043 0.0476 0.2511 0.0952 0.0693 0.0476 0.0476 0.0000 0.4286 
0.0152 0.0000 0.0000 0.3788 0.0000 0.1061 0.3333 0.0606 0.0000 0.1061 
0.0260 0.0000 0.0000 0.3636 0.0260 0.0130 0.0130 0.0000 0.0000 0.5584 
0.0130 0.0390 0.0195 0.4286 0.0000 0.0000 0.0130 0.0130 0.0584 0.4156 
0.1678 0.0000 0.0000 0.3776 0.0000 0.1119 0.2028 0.0000 0.0000 0.1399 
0.0505 0.0000 0.0505 0.3636 0.0606 0.1616 0.1515 0.0000 0.0000 0.1616 
0.0227 0.0000 0.0000 0.3409 0.0000 0.1818 0.0682 0.0114 0.0000 0.3750 
0.0000 0.0000 0.1364 0.1818 0.0000 0.0000 0.2273 0.0341 0.0227 0.3977 
0.0227 0.2273 0.0227 0.3295 0.0455 0.0000 0.0000 0.0000 0.2045 0.1477 
0.0574 0.0000 0.0000 0.3541 0.0048 0.0096 0.2249 0.0000 0.0000 0.3493 
0.0000 0.0000 0.0000 0.2424 0.0000 0.3333 0.0909 0.0000 0.0000 0.3333 
0.0000 0.0000 0.1212 0.4394 0.0152 0.0303 0.1061 0.0000 0.0000 0.2879 
0.0152 0.0000 0.0000 0.5303 0.0152 0.0000 0.2121 0.0000 0.0000 0.2273 
0.0455 0.0000 0.0000 0.5606 0.0152 0.0303 0.0000 0.0000 0.0000 0.3485 
0.0182 0.1091 0.0000 0.4364 0.0182 0.0727 0.0000 0.0182 0.1273 0.2000 
0.0130 0.0000 0.0260 0.5195 0.0130 0.0130 0.0000 0.0000 0.0000 0.4156 
0.0568 0.0000 0.0000 0.2614 0.0000 0.0114 0.1364 0.0000 0.0227 0.5114 
0.0130 0.0000 0.0260 0.6494 0.0130 0.0000 0.0519 0.0130 0.0000 0.2338 
0.0000 0.0364 0.0545 0.3818 0.0364 0.2000 0.0000 0.0000 0.0364 0.2545 
0.0000 0.0000 0.0182 0.5455 0.0000 0.0545 0.0364 0.0000 0.0000 0.3455 
0.0000 0.0000 0.0511 0.5057 0.0398 0.0284 0.0739 0.0341 0.0000 0.2670 

15 28
0.7045 0.0000 0.0227 0.0000 0.0000 0.0000 0.2500 0.0227 0.0000 0.0000 
0.8418 0.0572 0.0471 0.0034 0.0034 0.0000 0.0404 0.0000 0.0067 0.0000 
0.7636 0.0000 0.0000 0.0182 0.0000 0.0000 0.2000 0.0000 0.0000 0.0182 
0.8017 0.0000 0.0000 0.0000 0.0165 0.0000 0.1818 0.0000 0.0000 0.0000 
0.5455 0.0114 0.0000 0.0227 0.0000 0.0000 0.2500 0.1705 0.0000 0.0000 
0.8409 0.0000 0.0114 0.0000 0.0114 0.0000 0.0227 0.0000 0.0000 0.1136 
0.7355 0.0413 0.0248 0.0083 0.0826 0.0000 0.0248 0.0165 0.0579 0.0083 
0.7475 0.0657 0.0556 0.0505 0.0051 0.0000 0.0758 0.0000 0.0000 0.0000 
0.8011 0.0227 0.0398 0.0000 0.0057 0.0000 0.1250 0.0057 0.0000 0.0000 
0.3909 0.0364 0.0091 0.0000 0.1091 0.0000 0.0545 0.0091 0.3909 0.0000 
0.8788 0.0101 0.0000 0.0101 0.0000 0.0000 0.0000 0.0000 0.0202 0.0808 
1.0000 0.0000 0.0000 0.0000 0.0000 0.0000 0.0000 0.0000 0.0000 0.0000 
0.7662 0.0130 0.0130 0.0000 0.0260 0.0000 0.1688 0.0130 0.0000 0.0000 
0.0000 0.0000 0.0000 0.0000 0.3333 0.0000 0.0000 0.0000 0.6364 0.0303 
0.7403 0.0000 0.0649 0.0260 0.0130 0.0000 0.0390 0.0909 0.0000 0.0260 
0.8042 0.1119 0.0070 0.0490 0.0000 0.0000 0.0000 0.0000 0.0280 0.0000 
0.8295 0.1364 0.0000 0.0114 0.0000 0.0000 0.0227 0.0000 0.0000 0.0000 
0.6494 0.0649 0.0000 0.0390 0.0000 0.0000 0.1039 0.1429 0.0000 0.0000 
0.8843 0.0083 0.0000 0.0000 0.0000 0.0000 0.0413 0.0579 0.0000 0.0083 
0.4545 0.0000 0.2500 0.0000 0.0000 0.0000 0.2955 0.0000 0.0000 0.0000 
0.1429 0.0000 0.0000 0.0000 0.0000 0.0000 0.0000 0.0000 0.6883 0.1688 
0.9221 0.0000 0.0000 0.0390 0.0000 0.0000 0.0390 0.0000 0.0000 0.0000 
0.8182 0.0000 0.0000 0.0202 0.0000 0.0000 0.1111 0.0505 0.0000 0.0000 
0.5859 0.0000 0.1212 0.0000 0.0000 0.0000 0.2929 0.0000 0.0000 0.0000 
0.6250 0.0000 0.0341 0.0682 0.0000 0.0000 0.2614 0.0114 0.0000 0.0000 
0.7374 0.0000 0.0000 0.0303 0.0101 0.0000 0.1616 0.0000 0.0606 0.0000 
0.8182 0.0000 0.0455 0.0568 0.0000 0.0000 0.0795 0.0000 0.0000 0.0000 
0.8182 0.0769 0.0000 0.0070 0.0000 0.0000 0.0979 0.0000 0.0000 0.0000 

16 33
0.0000 0.0739 0.1080 0.0568 0.4432 0.1420 0.0170 0.0227 0.0114 0.1250 
0.0303 0.0000 0.1136 0.1288 0.2879 0.0000 0.0152 0.3485 0.0455 0.0303 
0.0076 0.0682 0.0000 0.0379 0.4545 0.2955 0.0076 0.0909 0.0152 0.0227 
0.0130 0.0000 0.0519 0.0909 0.4416 0.2727 0.0000 0.0779 0.0260 0.0260 
0.0000 0.0152 0.0000 0.0530 0.3106 0.1894 0.1667 0.2348 0.0076 0.0227 
0.0000 0.0000 0.0000 0.2500 0.4773 0.1364 0.0000 0.0455 0.0000 0.0909 
0.0000 0.0000 0.2208 0.0260 0.4156 0.0909 0.0130 0.2208 0.0130 0.0000 
0.0000 0.0341 0.0000 0.0000 0.5114 0.2500 0.0000 0.0795 0.0114 0.1136 
0.0000 0.0000 0.1061 0.0455 0.3030 0.3333 0.0000 0.0455 0.0000 0.1667 
0.0852 0.0057 0.0625 0.3182 0.1364 0.1591 0.0057 0.1761 0.0227 0.0284 
0.0000 0.0000 0.0000 0.0114 0.5341 0.3523 0.0000 0.0568 0.0000 0.0455 
0.0556 0.0758 0.0657 0.2980 0.3081 0.0859 0.0000 0.0101 0.0101 0.0909 
0.0505 0.0808 0.0303 0.0202 0.3636 0.2222 0.0000 0.0505 0.0101 0.1717 
0.0000 0.0303 0.0000 0.0606 0.6061 0.1818 0.0000 0.0303 0.0606 0.0303 
0.0130 0.0455 0.0000 0.0649 0.2857 0.3052 0.0195 0.0779 0.0260 0.1623 
0.0182 0.0818 0.1364 0.1727 0.1818 0.0909 0.0091 0.0182 0.0727 0.2182 
0.2000 0.1273 0.0545 0.0182 0.1273 0.2909 0.0545 0.1273 0.0000 0.0000 
0.0000 0.1364 0.0000 0.2121 0.3333 0.2273 0.0303 0.0152 0.0303 0.0152 
0.0325 0.0455 0.0649 0.2208 0.3896 0.1494 0.0065 0.0455 0.0325 0.0130 
0.0000 0.0000 0.0000 0.0114 0.3750 0.4432 0.0000 0.0682 0.0114 0.0909 
0.0992 0.1074 0.0083 0.1240 0.3223 0.1570 0.0909 0.0248 0.0165 0.0496 
0.0802 0.0374 0.0695 0.2353 0.2567 0.0802 0.0588 0.0321 0.0695 0.0802 
0.1667 0.0000 0.0303 0.1667 0.0000 0.5000 0.0000 0.0303 0.0152 0.0909 
0.0000 0.4242 0.0000 0.1212 0.1061 0.1667 0.0000 0.0000 0.0000 0.1818 
0.0000 0.2222 0.0707 0.0606 0.2929 0.1313 0.0101 0.1212 0.0707 0.0202 
0.0545 0.2182 0.0727 0.0273 0.3545 0.0455 0.0182 0.0273 0.1636 0.0182 
0.0000 0.0140 0.2657 0.1049 0.2797 0.2657 0.0000 0.0140 0.0559 0.0000 
0.0273 0.1182 0.0182 0.0000 0.1364 0.3091 0.1000 0.1818 0.0818 0.0273 
0.0000 0.0909 0.0000 0.2364 0.6545 0.0000 0.0000 0.0000 0.0182 0.0000 
0.0000 0.0303 0.0000 0.0303 0.2121 0.3030 0.0000 0.4242 0.0000 0.0000 
0.0000 0.0455 0.0000 0.0455 0.4394 0.2424 0.0455 0.1364 0.0455 0.0000 
0.0000 0.0152 0.0000 0.0909 0.3939 0.2879 0.0000 0.0606 0.0909 0.0606 
0.0000 0.1983 0.0000 0.0496 0.4298 0.1570 0.0083 0.0992 0.0248 0.0331 

17 35
0.0000 0.1429 0.0000 0.0000 0.0000 0.0000 0.8312 0.0000 0.0000 0.0260 
0.1364 0.2500 0.0000 0.0000 0.1364 0.0000 0.4773 0.0000 0.0000 0.0000 
0.1439 0.1136 0.0000 0.0227 0.1061 0.0303 0.4545 0.0227 0.0909 0.0152 
0.0909 0.1429 0.0000 0.0000 0.0000 0.1429 0.5714 0.0000 0.0519 0.0000 
0.1169 0.1818 0.0000 0.0000 0.1558 0.0649 0.3766 0.0130 0.0519 0.0390 
0.0000 0.0057 0.0000 0.2102 0.0000 0.0000 0.7216 0.0000 0.0625 0.0000 
0.0682 0.1061 0.0000 0.0000 0.2045 0.0000 0.4697 0.0152 0.1061 0.0303 
0.0000 0.4091 0.0000 0.0051 0.0000 0.0000 0.5859 0.0000 0.0000 0.0000 
0.0909 0.0909 0.0000 0.0000 0.2386 0.0795 0.4318 0.0114 0.0455 0.0114 
0.0000 0.4091 0.0000 0.0000 0.0000 0.0000 0.5758 0.0000 0.0000 0.0152 
0.0227 0.0000 0.0000 0.0000 0.1705 0.0568 0.5795 0.0000 0.0795 0.0909 
0.0455 0.0273 0.0000 0.0727 0.0091 0.0000 0.6273 0.0182 0.0727 0.1273 
0.0000 0.1818 0.0000 0.0000 0.0000 0.0000 0.6818 0.0000 0.0682 0.0682 
0.0000 0.0000 0.0000 0.2000 0.0000 0.0000 0.7818 0.0000 0.0182 0.0000 
0.0000 0.0000 0.0000 0.2841 0.0000 0.0000 0.7159 0.0000 0.0000 0.0000 
0.1667 0.3636 0.0000 0.0000 0.0000 0.0152 0.2273 0.1667 0.0606 0.0000 
0.0000 0.0182 0.0000 0.0000 0.0182 0.0000 0.9091 0.0000 0.0000 0.0545 
0.1189 0.1329 0.0000 0.0000 0.0769 0.0839 0.4615 0.0350 0.0210 0.0699 
0.0455 0.4697 0.0000 0.0303 0.0152 0.0303 0.3788 0.0000 0.0303 0.0000 
0.0000 0.0000 0.0000 0.0455 0.0114 0.0000 0.9318 0.0000 0.0114 0.0000 
0.0519 0.1515 0.0000 0.0000 0.0130 0.1212 0.6017 0.0043 0.0563 0.0000 
0.0398 0.2557 0.0000 0.0000 0.0000 0.0568 0.4545 0.0000 0.0284 0.1648 
0.0000 0.1970 0.0000 0.0000 0.1667 0.0000 0.4697 0.0000 0.0152 0.1515 
0.0000 0.0091 0.0000 0.0000 0.0273 0.0545 0.5364 0.0000 0.1545 0.2182 
0.0661 0.0909 0.0000 0.0000 0.0744 0.0744 0.4793 0.0579 0.0496 0.1074 
0.1104 0.0974 0.0000 0.0000 0.2143 0.1494 0.1883 0.1039 0.0260 0.1104 
0.3333 0.0000 0.0000 0.0000 0.1212 0.0000 0.2273 0.0455 0.0758 0.1970 
0.0227 0.0682 0.0000 0.0000 0.2727 0.0000 0.3182 0.0000 0.2955 0.0227 
0.1212 0.1616 0.0000 0.0000 0.0000 0.0101 0.4747 0.0000 0.0000 0.2323 
0.0661 0.1488 0.0000 0.0083 0.0000 0.2149 0.5124 0.0083 0.0413 0.0000 
0.0121 0.0848 0.0000 0.0000 0.0727 0.0000 0.5455 0.0485 0.0970 0.1394 
0.0000 0.0303 0.0000 0.0000 0.2879 0.1061 0.3636 0.0152 0.1667 0.0303 
0.0490 0.0000 0.0000 0.0629 0.2028 0.0769 0.4406 0.0140 0.1049 0.0490 
0.0364 0.0000 0.0000 0.0000 0.0727 0.0909 0.4182 0.0182 0.0909 0.2727 
0.0000 0.0000 0.0000 0.0000 0.2045 0.3636 0.2727 0.0455 0.0000 0.1136 

18 47
0.0000 0.0121 0.1576 0.1879 0.3818 0.0606 0.0485 0.0970 0.0121 0.0424 
0.0000 0.0130 0.0390 0.3896 0.1818 0.1039 0.2078 0.0000 0.0000 0.0649 
0.0000 0.0000 0.0000 0.4545 0.4545 0.0000 0.0000 0.0227 0.0455 0.0227 
0.0000 0.0165 0.0000 0.6612 0.2149 0.0248 0.0331 0.0000 0.0000 0.0496 
0.0070 0.0000 0.0000 0.4336 0.3846 0.1119 0.0490 0.0000 0.0000 0.0140 
0.0909 0.0273 0.0000 0.5455 0.1545 0.1273 0.0273 0.0000 0.0273 0.0000 
0.0000 0.0000 0.0000 0.7475 0.0505 0.0404 0.0505 0.0000 0.0000 0.1111 
0.0000 0.0070 0.0000 0.4476 0.3007 0.0280 0.1818 0.0000 0.0070 0.0280 
0.0000 0.0096 0.0000 0.6124 0.1627 0.0431 0.1340 0.0000 0.0000 0.0383 
0.0455 0.0000 0.0000 0.5152 0.1212 0.0909 0.0000 0.0758 0.1515 0.0000 
0.1818 0.0000 0.0101 0.4444 0.1919 0.0202 0.0000 0.0000 0.0404 0.1111 
0.0000 0.0000 0.0000 0.4040 0.2525 0.0000 0.2222 0.0000 0.0101 0.1111 
0.0000 0.0076 0.0152 0.6667 0.0909 0.0379 0.0076 0.0000 0.0000 0.1742 
0.0130 0.0649 0.0000 0.6494 0.1299 0.0779 0.0390 0.0000 0.0000 0.0260 
0.0000 0.0000 0.0000 0.3788 0.0000 0.0000 0.0000 0.0000 0.0000 0.6212 
0.0000 0.0182 0.0000 0.6182 0.2273 0.0909 0.0273 0.0000 0.0000 0.0182 
0.1515 0.0000 0.0000 0.2121 0.2929 0.2222 0.0000 0.0000 0.1111 0.0101 
0.0000 0.0000 0.0000 0.4364 0.1455 0.2091 0.1000 0.0000 0.0000 0.1091 
0.0057 0.0625 0.0227 0.5909 0.2273 0.0341 0.0511 0.0000 0.0057 0.0000 
0.1545 0.0091 0.0000 0.4455 0.2636 0.0455 0.0091 0.0000 0.0727 0.0000 
0.0000 0.0070 0.0070 0.5035 0.3007 0.0000 0.1329 0.0000 0.0000 0.0490 
0.0000 0.0000 0.0000 0.5844 0.0909 0.2987 0.0000 0.0000 0.0000 0.0260 
0.0130 0.0000 0.0000 0.5065 0.3247 0.0779 0.0390 0.0000 0.0000 0.0390 
0.0000 0.0114 0.0000 0.6477 0.1477 0.0000 0.0114 0.0000 0.0000 0.1818 
0.0000 0.0000 0.0000 0.7172 0.0909 0.0101 0.0505 0.0000 0.0101 0.1212 
0.0000 0.0000 0.0000 0.4545 0.3182 0.1091 0.0636 0.0000 0.0000 0.0545 
0.2500 0.0000 0.0000 0.2500 0.2045 0.0909 0.0000 0.0000 0.2045 0.0000 
0.0000 0.0000 0.0000 0.8727 0.0000 0.0000 0.0000 0.0000 0.0091 0.1182 
0.0101 0.0000 0.0000 0.6061 0.3838 0.0000 0.0000 0.0000 0.0000 0.0000 
0.0000 0.0000 0.0000 0.5758 0.0000 0.0909 0.0303 0.0000 0.3030 0.0000 
0.0000 0.0000 0.0000 0.5636 0.2545 0.0485 0.0667 0.0000 0.0000 0.0667 
0.1667 0.0000 0.0000 0.4697 0.1818 0.1667 0.0000 0.0000 0.0152 0.0000 
0.0101 0.0202 0.0000 0.4444 0.3737 0.0505 0.0808 0.0000 0.0101 0.0101 
0.0000 0.0000 0.0000 0.6000 0.2818 0.0091 0.1091 0.0000 0.0000 0.0000 
0.0000 0.0545 0.0061 0.3636 0.3758 0.1515 0.0000 0.0000 0.0061 0.0424 
0.0000 0.0000 0.0000 0.7071 0.2929 0.0000 0.0000 0.0000 0.0000 0.0000 
0.2727 0.0000 0.0000 0.3091 0.2364 0.1182 0.0182 0.0000 0.0455 0.0000 
0.0000 0.0076 0.0152 0.5833 0.2500 0.0909 0.0152 0.0000 0.0000 0.0379 
0.0000 0.0985 0.0000 0.6742 0.1212 0.0682 0.0303 0.0000 0.0000 0.0076 
0.0000 0.0000 0.0000 0.7273 0.0404 0.0101 0.0202 0.0404 0.0000 0.1616 
0.0000 0.0000 0.0000 0.4805 0.2468 0.1688 0.0000 0.0000 0.0000 0.1039 
0.0000 0.0000 0.0000 0.8586 0.1111 0.0000 0.0303 0.0000 0.0000 0.0000 
0.0000 0.0000 0.0420 0.2797 0.3776 0.1119 0.0979 0.0000 0.0070 0.0839 
0.0273 0.0000 0.0000 0.1909 0.2818 0.3182 0.0182 0.0000 0.1636 0.0000 
0.0856 0.0107 0.0000 0.5508 0.0749 0.1070 0.0000 0.0000 0.1497 0.0214 
0.0000 0.0170 0.0000 0.5114 0.2670 0.0625 0.0568 0.0000 0.0000 0.0852 
0.0000 0.0227 0.0000 0.3864 0.4318 0.0455 0.0341 0.0000 0.0000 0.0795 

19 48
0.8030 0.0152 0.0000 0.0000 0.0000 0.0000 0.1818 0.0000 0.0000 0.0000 
0.2273 0.1364 0.0000 0.2045 0.4318 0.0000 0.0000 0.0000 0.0000 0.0000 
0.8322 0.0000 0.0000 0.0000 0.0070 0.0000 0.0070 0.0000 0.0000 0.1538 
0.3131 0.0808 0.0000 0.0000 0.0404 0.0000 0.5657 0.0000 0.0000 0.0000 
0.5195 0.0000 0.0000 0.0000 0.0000 0.0000 0.4805 0.0000 0.0000 0.0000 
0.3182 0.1667 0.0000 0.0000 0.0000 0.0000 0.5152 0.0000 0.0000 0.0000 
